Black Body Radiation Experiment Fri, Nov 29, 2024 1:50 PM
Sensor Position (Degrees)	Light Intensity (Volts)
0.00000	-0.03224
0.00000	-0.03658
0.00000	-0.03626
0.00000	-0.03723
0.00000	-0.03868
0.00000	-0.03707
0.01015	-0.03562
0.01015	-0.03449
0.01015	-0.03401
0.01015	-0.03240
0.01015	-0.03256
0.01015	-0.03675
0.01015	-0.03465
0.01015	-0.03884
0.01015	-0.03819
0.01015	-0.03771
0.01015	-0.03240
0.01015	-0.03337
0.01015	-0.03642
0.01015	-0.03658
0.01015	-0.03465
0.01015	-0.03546
0.01015	-0.03755
0.01015	-0.03787
0.01015	-0.03498
0.01015	-0.03836
0.01015	-0.03224
0.01015	-0.03675
0.01015	-0.03755
0.01015	-0.03562
0.01015	-0.03562
0.01015	-0.03642
0.01015	-0.02999
0.01015	-0.03224
0.01015	-0.03498
0.01015	-0.03031
0.01015	-0.03514
0.01015	-0.03594
0.01015	-0.03369
0.01015	-0.03304
0.01015	-0.03127
0.01015	-0.03353
0.02030	-0.03353
0.04061	-0.03642
0.06091	-0.03224
0.07107	-0.03562
0.18274	-0.03594
0.38579	-0.03707
0.52792	-0.03240
0.93401	-0.03304
1.14721	-0.03337
1.22843	-0.03015
1.36041	-0.03160
1.43147	-0.03047
1.46193	-0.03320
1.60406	-0.03031
1.77665	-0.03449
1.87817	-0.03610
2.23350	-0.03433
2.50761	-0.03095
2.63959	-0.03192
2.97462	-0.03047
3.22843	-0.02644
3.37056	-0.03143
3.97970	-0.03063
4.33503	-0.02918
4.54822	-0.03079
5.02538	-0.03610
5.40102	-0.03337
5.55330	-0.03256
5.95939	-0.03256
6.20305	-0.02982
6.28426	-0.02982
6.49746	-0.02982
6.58883	-0.02886
6.64975	-0.02950
6.79188	-0.03176
6.92386	-0.02757
6.99492	-0.03031
7.29949	-0.02500
7.51269	-0.02435
7.62437	-0.02516
8.12183	-0.02451
8.37563	-0.03047
8.51777	-0.02274
8.80203	-0.02902
8.99492	-0.03176
9.18782	-0.02628
9.51269	-0.02548
9.75635	-0.03079
9.87817	-0.02902
10.25381	-0.02355
10.51777	-0.02773
10.64975	-0.02612
10.94416	-0.02870
11.13706	-0.03111
11.21827	-0.02644
11.45178	-0.02274
11.62437	-0.02387
11.69543	-0.01952
11.89848	-0.02145
12.05076	-0.02242
12.27411	-0.02129
12.64975	-0.02049
12.98477	-0.01920
13.13706	-0.02194
13.81726	-0.01743
14.22335	-0.01840
14.39594	-0.01469
14.99492	-0.00681
15.37056	-0.00488
15.65482	0.00639
16.17259	0.02217
16.37563	0.02812
16.53807	0.03086
16.78173	0.05420
16.89340	0.06208
16.99492	0.07142
17.18782	0.08961
17.30964	0.10136
17.43147	0.11118
17.76650	0.14433
17.93909	0.17314
18.09137	0.19648
18.39594	0.26183
18.56853	0.30529
18.71066	0.35680
19.12690	0.51534
19.34010	0.62801
19.54315	0.76821
20.01015	1.15177
20.28426	1.49799
20.63959	1.93274
21.19797	2.94374
21.50254	3.51113
21.76650	4.03153
22.29442	4.78180
22.57868	4.90173
22.82234	4.83605
23.24873	4.39081
23.44162	4.04489
23.53299	3.87604
23.78680	3.30349
23.98985	2.90060
24.09137	2.71791
24.41624	2.17386
24.68020	1.81798
24.80203	1.66153
25.19797	1.20392
25.49239	0.97279
25.61421	0.85947
26.03046	0.61852
26.35533	0.49393
26.48731	0.43792
26.96447	0.30658
27.29949	0.24622
27.45178	0.22336
27.94924	0.15415
28.25381	0.12164
28.41624	0.10570
28.83249	0.07737
29.14721	0.05741
29.29949	0.05243
29.73604	0.03166
30.04061	0.01975
30.19289	0.02104
30.55838	0.00736
30.82234	0.00398
30.96447	0.00285
31.31980	-0.00407
31.56345	-0.00713
31.70558	-0.00439
32.08122	-0.00713
32.32487	-0.01180
32.45685	-0.00632
32.80203	-0.01115
33.03553	-0.01003
33.17766	-0.01131
33.56345	-0.01405
33.84772	-0.01276
34.00000	-0.01148
34.47716	-0.01308
34.74112	-0.01180
34.86294	-0.01212
35.26904	-0.01791
35.53299	-0.01582
35.69543	-0.01872
36.12183	-0.02065
36.40609	-0.01679
36.56853	-0.01985
36.97462	-0.01598
37.25888	-0.01469
37.43147	-0.02129
37.83756	-0.01952
38.09137	-0.01453
38.23350	-0.01630
38.61929	-0.01502
38.83249	-0.01807
38.94416	-0.02065
39.31980	-0.01968
39.59391	-0.02049
39.75635	-0.01775
40.07107	-0.01775
40.27411	-0.01614
40.36548	-0.02017
40.65990	-0.01856
40.89340	-0.01518
41.00508	-0.02081
41.39086	-0.01582
41.68528	-0.01840
41.79695	-0.01872
42.09137	-0.02371
42.31472	-0.01759
42.43655	-0.01550
42.79188	-0.02081
43.04569	-0.01936
43.14721	-0.01679
43.50254	-0.02017
43.69543	-0.01502
43.81726	-0.02258
44.16244	-0.01872
44.41624	-0.02306
44.51777	-0.01647
44.85279	-0.02033
45.04569	-0.01920
45.11675	-0.01647
45.38071	-0.02162
45.56345	-0.02564
45.64467	-0.02258
45.93909	-0.02033
46.14213	-0.02065
46.27411	-0.02387
46.54822	-0.02113
46.72081	-0.01647
46.80203	-0.01920
47.02538	-0.01598
47.19797	-0.02371
47.26904	-0.01936
47.49239	-0.02017
47.67513	-0.01824
47.75635	-0.01824
48.00000	-0.02371
48.15228	-0.01679
48.25381	-0.01695
48.53807	-0.02500
48.76142	-0.02226
48.86294	-0.01824
49.17766	-0.02162
49.39086	-0.01679
49.49239	-0.02178
49.83756	-0.01840
50.10152	-0.02371
50.21320	-0.01985
50.52792	-0.01936
50.78173	-0.02065
50.91371	-0.02113
51.32995	-0.01711
51.60406	-0.01888
51.72589	-0.01968
52.14213	-0.01679
52.36548	-0.02033
52.46701	-0.01807
52.84264	-0.01920
53.07614	-0.01888
53.17766	-0.01711
53.51269	-0.02162
53.71574	-0.01952
53.83756	-0.02049
54.19289	-0.01566
54.42640	-0.01775
54.51777	-0.01888
54.80203	-0.02065
55.00508	-0.01968
55.09645	-0.01936
55.41117	-0.01807
55.63452	-0.01759
55.75635	-0.02339
56.12183	-0.02033
56.38579	-0.02387
56.53807	-0.02226
56.94416	-0.01663
57.26904	-0.02049
57.42132	-0.01807
57.94924	-0.02274
58.39594	-0.01888
58.57868	-0.01759
59.15736	-0.01695
59.56345	-0.02065
59.72589	-0.01920
60.30457	-0.01856
60.68020	-0.01968
60.85279	-0.01904
61.30964	-0.01743
61.64467	-0.02033
61.80711	-0.01856
62.31472	-0.01647
62.68020	-0.01679
62.85279	-0.01759
63.37056	-0.02339
63.71574	-0.02226
63.88832	-0.01759
64.33503	-0.01936
64.65990	-0.01791
64.81218	-0.01872
65.26904	-0.01566
65.52284	-0.01711
65.67513	-0.01985
66.11168	-0.02242
66.40609	-0.01888
66.55838	-0.01711
67.01523	-0.01663
67.30964	-0.02001
67.45178	-0.01534
67.87817	-0.01872
68.19289	-0.01711
68.38579	-0.01968
68.89340	-0.01598
69.24873	-0.01888
69.47208	-0.01630
69.85787	-0.02210
70.09137	-0.01582
70.82234	-0.01518
71.27919	-0.01872
71.54315	-0.01421
72.31472	-0.01453
72.87310	-0.01502
73.18782	-0.01260
73.96954	-0.01405
74.56853	-0.01791
74.86294	-0.01051
75.71574	-0.01131
76.22335	-0.01856
76.52792	-0.01486
77.46193	0.01524
78.17259	0.21354
78.58883	0.36372
79.67513	0.37386
80.36548	0.27970
80.77157	0.23785
81.60406	0.15286
82.14213	0.11295
82.36548	0.09379
83.11675	0.05935
83.58376	0.04019
83.85787	0.03536
84.50761	0.02297
84.92386	0.01557
85.16751	0.01074
85.88832	0.00237
86.38579	0.00349
86.61929	-0.00133
87.40102	-0.00713
87.95939	-0.00713
88.23350	-0.01148
89.09645	-0.00890
89.69543	-0.00793
89.95939	-0.00987
90.78173	-0.01148