Black Body Radiation Experiment Fri, Nov 29, 2024 1:11 PM
Sensor Position (Degrees)	Light Intensity (Volts)
0.00000	-0.04302
0.00000	-0.03996
0.00000	-0.04335
0.00000	-0.04640
0.00000	-0.04737
0.00000	-0.04238
0.00000	-0.03948
0.00000	-0.04238
-0.05076	-0.04238
-0.09137	-0.04431
-0.09137	-0.04415
-0.09137	-0.04560
-0.10152	-0.04093
-0.10152	-0.04077
-0.10152	-0.04093
-0.10152	-0.04399
-0.10152	-0.04576
-0.10152	-0.04689
-0.10152	-0.04222
-0.10152	-0.03980
-0.10152	-0.04608
-0.10152	-0.04415
-0.10152	-0.04061
-0.10152	-0.04367
-0.10152	-0.04109
-0.10152	-0.04512
-0.11168	-0.04190
-0.11168	-0.03900
-0.11168	-0.03498
-0.11168	-0.04351
-0.11168	-0.03787
-0.11168	-0.03948
-0.11168	-0.03739
-0.11168	-0.03996
-0.11168	-0.03964
-0.11168	-0.04399
-0.11168	-0.04141
-0.10152	-0.04238
-0.10152	-0.04431
-0.10152	-0.04479
-0.10152	-0.04335
-0.10152	-0.04560
-0.10152	-0.04495
-0.10152	-0.04286
-0.10152	-0.04109
-0.10152	-0.04528
-0.10152	-0.04206
-0.10152	-0.04109
-0.10152	-0.04254
-0.10152	-0.03787
-0.10152	-0.03900
-0.10152	-0.04431
-0.09137	-0.04302
-0.08122	-0.04238
-0.04061	-0.04093
0.03046	-0.04495
0.17259	-0.04109
0.34518	-0.04254
0.42640	-0.03868
0.64975	-0.04029
0.81218	-0.04415
0.88325	-0.03594
1.03553	-0.04061
1.08629	-0.03868
1.11675	-0.04077
1.20812	-0.04254
1.29949	-0.04431
1.34010	-0.03675
1.51269	-0.04190
1.63452	-0.03691
1.69543	-0.04608
1.89848	-0.04206
2.08122	-0.03417
2.18274	-0.03755
2.49746	-0.03707
2.63959	-0.04576
2.71066	-0.03884
2.90355	-0.04045
2.99492	-0.04479
3.01523	-0.04029
3.03553	-0.03964
3.03553	-0.03980
3.03553	-0.03707
3.07614	-0.04270
3.14721	-0.03691
3.24873	-0.04431
3.30964	-0.03771
3.53299	-0.04029
3.66497	-0.03739
3.74619	-0.03803
3.97970	-0.03578
4.15228	-0.04141
4.24365	-0.03916
4.35533	-0.04045
4.43655	-0.03852
4.45685	-0.04157
4.55838	-0.03755
4.61929	-0.03546
4.63959	-0.03884
4.73096	-0.03675
4.81218	-0.04109
4.85279	-0.04045
4.98477	-0.03996
5.09645	-0.04141
5.14721	-0.03980
5.39086	-0.04141
5.61421	-0.03642
5.72589	-0.03916
6.11168	-0.03884
6.38579	-0.03755
6.51777	-0.03562
6.88325	-0.04206
7.13706	-0.03385
7.24873	-0.03610
7.60406	-0.03964
7.76650	-0.03964
7.82741	-0.03771
8.08122	-0.03626
8.21320	-0.03996
8.28426	-0.03675
8.51777	-0.03465
8.73096	-0.03900
8.86294	-0.03337
9.26904	-0.03658
9.51269	-0.03996
9.72589	-0.04157
9.95939	-0.03337
10.07107	-0.04093
10.13198	-0.03433
10.28426	-0.03642
10.43655	-0.03964
10.51777	-0.03675
10.77157	-0.03948
11.00508	-0.03691
11.09645	-0.03755
11.42132	-0.03401
11.64467	-0.03176
11.71574	-0.03401
12.16244	-0.03546
12.42640	-0.03514
12.53807	-0.04302
12.86294	-0.03417
13.05584	-0.03417
13.15736	-0.03771
13.44162	-0.03578
13.62437	-0.02886
13.69543	-0.03868
13.98985	-0.03095
14.16244	-0.03143
14.25381	-0.03079
14.58883	-0.02628
14.89340	-0.03111
15.51269	-0.02596
15.85787	-0.02628
16.44670	-0.02435
16.73096	-0.01759
17.41117	-0.00375
17.79695	0.00768
18.51777	0.04357
18.82234	0.08075
19.09645	0.13065
19.66497	0.28533
19.96954	0.42440
20.23350	0.60129
20.52792	0.92208
20.72081	1.10525
20.92386	1.34444
21.31980	1.77677
21.52284	2.01516
21.71574	2.21185
22.05076	2.51606
22.20305	2.59848
22.38579	2.63453
22.69036	2.56097
22.86294	2.45828
23.04569	2.31486
23.40102	2.03978
23.68528	1.81766
23.79695	1.69501
24.17259	1.32931
24.42640	1.10638
24.51777	1.00240
24.90355	0.73087
25.22843	0.58214
25.36041	0.51615
25.85787	0.35229
26.29442	0.27068
26.50761	0.23946
27.11675	0.15834
27.62437	0.11729
27.85787	0.09637
28.58883	0.06160
29.07614	0.04438
29.34010	0.03214
30.06091	0.01782
30.49746	0.00575
30.72081	0.00848
31.27919	-0.00504
31.69543	-0.00810
31.86802	-0.01421
32.38579	-0.02242
32.70051	-0.02403
32.83249	-0.02483
33.22843	-0.02483
33.47208	-0.02483
33.59391	-0.02886
33.89848	-0.02596
34.13198	-0.03079
34.25381	-0.02709
34.58883	-0.02677
34.81218	-0.03240
34.95431	-0.03015
35.28934	-0.03015
35.51269	-0.03240
35.83756	-0.02950
36.04061	-0.03353
36.14213	-0.03095
36.38579	-0.02918
36.53807	-0.03320
36.61929	-0.03192
36.84264	-0.03111
36.99492	-0.03063
37.07614	-0.03626
37.27919	-0.03224
37.43147	-0.02999
37.69543	-0.03176
37.86802	-0.03465
37.96954	-0.03658
38.36548	-0.03256
38.58883	-0.03353
38.69036	-0.03320
38.93401	-0.03224
39.10660	-0.03127
39.19797	-0.03031
39.49239	-0.03047
39.68528	-0.03578
39.77665	-0.03562
39.98985	-0.03546
40.14213	-0.02966
40.35533	-0.03594
40.51777	-0.03353
40.58883	-0.03143
40.83249	-0.03337
41.02538	-0.02854
41.09645	-0.03852
41.32995	-0.03819
41.52284	-0.03836
41.62437	-0.03337
41.98985	-0.03481
42.21320	-0.03320
42.32487	-0.03304
42.64975	-0.03481
42.87310	-0.03256
42.97462	-0.03385
43.27919	-0.03320
43.47208	-0.03433
43.57360	-0.03401
43.83756	-0.03658
44.02030	-0.03337
44.10152	-0.03240
44.35533	-0.03401
44.53807	-0.03337
44.61929	-0.03594
44.85279	-0.03852
45.00508	-0.03385
45.21827	-0.03433
45.37056	-0.03176
45.44162	-0.03369
45.63452	-0.03900
45.76650	-0.03819
45.81726	-0.03514
46.02030	-0.03562
46.18274	-0.03208
46.26396	-0.03932
46.51777	-0.03739
46.71066	-0.03481
46.80203	-0.03546
47.09645	-0.03916
47.30964	-0.03723
47.41117	-0.03691
47.70558	-0.03304
47.90863	-0.03787
48.00000	-0.03803
48.24365	-0.02999
48.39594	-0.03127
48.47716	-0.03819
48.73096	-0.03787
48.92386	-0.03562
49.01523	-0.03675
49.31980	-0.03916
49.52284	-0.03304
49.62437	-0.03852
49.93909	-0.03208
50.22335	-0.03675
50.33503	-0.03530
50.71066	-0.03498
50.99492	-0.03819
51.11675	-0.03675
51.47208	-0.03337
51.68528	-0.03304
51.76650	-0.03143
52.02030	-0.03691
52.17259	-0.03610
52.24365	-0.03707
52.47716	-0.03369
52.69036	-0.03385
52.77157	-0.03224
53.07614	-0.04093
53.28934	-0.03369
53.38071	-0.03417
53.66497	-0.03578
53.87817	-0.03353
53.94924	-0.03385
54.19289	-0.03755
54.36548	-0.03771
54.44670	-0.03723
54.74112	-0.03755
54.96447	-0.03417
55.06599	-0.03514
55.42132	-0.03819
55.62437	-0.03755
55.70558	-0.03691
55.90863	-0.03884
56.04061	-0.03353
56.11168	-0.03739
56.33503	-0.03578
56.47716	-0.03320
56.53807	-0.03417
56.77157	-0.03900
56.88325	-0.03836
56.93401	-0.03288
57.08629	-0.03481
57.19797	-0.03675
57.26904	-0.04029
57.45178	-0.04013
57.55330	-0.03562
57.60406	-0.03852
57.73604	-0.03465
57.84772	-0.03514
57.89848	-0.03288
58.06091	-0.03417
58.19289	-0.03288
58.26396	-0.04077
58.43655	-0.03304
58.56853	-0.03530
58.78173	-0.03256
58.91371	-0.03610
58.97462	-0.03353
59.12690	-0.03176
59.20812	-0.03433
59.23858	-0.03868
59.35025	-0.03417
59.43147	-0.03755
59.47208	-0.03868
59.54315	-0.03755
59.60406	-0.03658
59.66497	-0.03514
59.82741	-0.02854
59.94924	-0.03610
60.01015	-0.03192
60.18274	-0.03642
60.33503	-0.03465
60.41624	-0.03723
60.62944	-0.03562
60.75127	-0.03369
60.82234	-0.03401
61.01523	-0.03481
61.19797	-0.03771
61.26904	-0.03465
61.48223	-0.03111
61.60406	-0.03176
61.66497	-0.03755
61.84772	-0.03707
61.96954	-0.03626
62.03046	-0.03707
62.22335	-0.03417
62.35533	-0.03691
62.42640	-0.03224
62.62944	-0.03498
62.76142	-0.03256
62.81218	-0.03095
62.99492	-0.03546
63.12690	-0.03127
63.17766	-0.03948
63.41117	-0.03288
63.59391	-0.03208
63.67513	-0.04077
63.89848	-0.04045
64.00000	-0.03481
64.05076	-0.03481
64.20305	-0.03417
64.28426	-0.03304
64.33503	-0.03369
64.48731	-0.03320
64.60914	-0.03240
64.65990	-0.03900
64.89340	-0.03304
65.06599	-0.03015
65.15736	-0.03707
65.44162	-0.03288
65.64467	-0.03288
65.75635	-0.03127
66.12183	-0.03160
66.37563	-0.03610
66.49746	-0.03304
66.88325	-0.03272
67.19797	-0.03675
67.37056	-0.03337
67.92893	-0.03192
68.36548	-0.03755
68.55838	-0.03691
69.17766	-0.03562
69.55330	-0.03417
69.73604	-0.02934
70.22335	-0.03160
70.55838	-0.03208
70.73096	-0.03208
71.30964	-0.03481
71.57360	-0.03192
71.74619	-0.02902
72.36548	-0.03337
72.90355	-0.03755
73.17766	-0.03047
73.84772	-0.03803
74.29442	-0.03160
74.52792	-0.02854
75.21827	-0.03079
75.62437	-0.03031
75.84772	-0.03353
76.38579	-0.03288
76.72081	-0.02483
76.90355	-0.02564
77.31980	-0.01743
77.56345	-0.00632
77.68528	0.01621
78.02030	0.08510
78.26396	0.12309
78.38579	0.14465
78.76142	0.15930
79.03553	0.14401
79.21827	0.12952
79.64467	0.09234
79.96954	0.06916
80.14213	0.06047
80.63959	0.03392
80.95431	0.01943
81.11675	0.00913
81.63452	-0.00150
81.96954	-0.00649
82.14213	-0.01148
82.61929	-0.01952
82.94416	-0.02226
83.12690	-0.02210
83.59391	-0.02628
83.92893	-0.02081
84.07107	-0.02355
84.45685	-0.02242
84.71066	-0.02483
84.83249	-0.02773
85.16751	-0.02773
85.40102	-0.02628
85.49239	-0.02854
85.75635	-0.02323
85.87817	-0.02822
85.92893	-0.02886
86.05076	-0.02757
86.14213	-0.02934
86.19289	-0.02306
86.34518	-0.03143
86.47716	-0.02870
86.54822	-0.02371
86.78173	-0.02838
86.95431	-0.02966
87.04569	-0.02644
87.30964	-0.02982
87.45178	-0.03031
87.52284	-0.02306
87.70558	-0.02355
87.80711	-0.02838
87.85787	-0.02789
88.03046	-0.02419
88.18274	-0.03127
88.26396	-0.02677
88.54822	-0.02693
88.80203	-0.02789
88.96447	-0.02628
89.44162	-0.02548
89.71574	-0.02483
89.85787	-0.02210
90.21320	-0.02805