Black Body Radiation Experiment Fri, Nov 29, 2024 1:11 PM
Sensor Position (Degrees)	Light Intensity (Volts)
0.00000	-0.01840
0.00000	-0.02113
0.00000	-0.02178
0.00000	-0.01872
0.00000	-0.01872
0.00000	-0.01936
0.00000	-0.02145
0.00000	-0.02017
0.00000	-0.01663
0.00000	-0.02500
0.00000	-0.02564
0.00000	-0.02741
0.00000	-0.02145
0.00000	-0.01679
0.00000	-0.02081
0.00000	-0.01807
0.00000	-0.01936
0.00000	-0.02097
0.00000	-0.02065
0.00000	-0.02049
0.00000	-0.01872
0.00000	-0.01663
0.00000	-0.01856
0.00000	-0.02178
0.00000	-0.01775
0.00000	-0.02226
0.00000	-0.01486
0.00000	-0.01952
0.00000	-0.02081
0.00000	-0.01952
0.00000	-0.02226
0.00000	-0.01920
0.00000	-0.01840
0.00000	-0.02129
0.00000	-0.01952
0.00000	-0.02145
0.00000	-0.01936
0.00000	-0.02226
0.00000	-0.01663
0.00000	-0.02129
0.00000	-0.01872
0.00000	-0.01872
0.00000	-0.01775
0.00000	-0.02097
0.00000	-0.02049
0.00000	-0.02290
0.00000	-0.01824
0.00000	-0.02258
0.00000	-0.01840
0.00000	-0.02145
0.00000	-0.01727
0.00000	-0.01775
0.00000	-0.01598
0.00000	-0.02049
0.00000	-0.01647
0.00000	-0.02113
0.00000	-0.01840
0.00000	-0.01952
0.00000	-0.02113
0.00000	-0.02145
0.00000	-0.02290
0.00000	-0.01679
0.00000	-0.02194
0.00000	-0.01663
0.00000	-0.01904
0.00000	-0.01856
0.00000	-0.02081
0.00000	-0.01985
0.00000	-0.01582
0.00000	-0.01807
0.00000	-0.02210
0.00000	-0.01630
0.00000	-0.02049
0.00000	-0.01824
0.00000	-0.01534
0.00000	-0.02001
0.00000	-0.01727
0.00000	-0.01824
0.00000	-0.01968
0.00000	-0.01647
0.00000	-0.01936
0.00000	-0.01566
0.00000	-0.01936
0.00000	-0.02210
0.00000	-0.01775
0.00000	-0.01663
0.00000	-0.01888
0.00000	-0.01888
0.00000	-0.01952
0.00000	-0.02612
0.00000	-0.02483
0.00000	-0.01759
0.00000	-0.01791
0.00000	-0.01856
0.00000	-0.01663
0.00000	-0.01614
-0.01015	-0.01952
-0.01015	-0.01824
-0.02030	-0.01759
-0.02030	-0.01936
-0.02030	-0.01856
-0.01015	-0.02001
-0.01015	-0.02709
-0.01015	-0.02033
-0.01015	-0.02194
-0.01015	-0.01888
-0.01015	-0.02178
-0.01015	-0.01904
-0.01015	-0.01614
-0.01015	-0.02097
-0.01015	-0.01598
-0.01015	-0.01807
-0.01015	-0.01936
-0.01015	-0.02113
-0.01015	-0.01630
-0.01015	-0.02001
-0.01015	-0.02226
-0.01015	-0.02355
-0.01015	-0.02483
-0.01015	-0.01888
-0.01015	-0.02162
-0.01015	-0.02097
-0.01015	-0.02178
-0.01015	-0.02210
-0.01015	-0.01518
-0.01015	-0.02001
-0.01015	-0.01502
-0.01015	-0.01936
-0.01015	-0.02274
-0.01015	-0.02194
-0.01015	-0.01872
-0.01015	-0.02001
-0.01015	-0.02178
-0.01015	-0.02033
-0.01015	-0.01727
-0.01015	-0.02033
-0.01015	-0.02693
-0.01015	-0.02145
-0.01015	-0.02274
-0.01015	-0.02467
-0.01015	-0.02306
-0.01015	-0.02097
-0.01015	-0.01888
-0.01015	-0.02113
0.00000	-0.02081
0.00000	-0.01985
0.00000	-0.01663
0.00000	-0.01421
0.00000	-0.01952
0.00000	-0.01486
0.00000	-0.02129
0.00000	-0.02500
0.00000	-0.01550
0.00000	-0.01308
0.00000	-0.01308
0.00000	-0.01791
0.01015	-0.02371
0.02030	-0.01920
0.09137	-0.01840
0.16244	-0.01904
0.47716	-0.01952
0.85279	-0.02339
1.06599	-0.01985
1.63452	-0.01952
1.87817	-0.01968
1.95939	-0.01486
2.27411	-0.02017
2.39594	-0.01952
2.44670	-0.01759
2.62944	-0.01791
2.78173	-0.02178
2.87310	-0.02113
3.07614	-0.01743
3.22843	-0.02049
3.30964	-0.01888
3.56345	-0.01920
3.73604	-0.02339
3.83756	-0.01791
4.13198	-0.02049
4.33503	-0.01534
4.44670	-0.02113
4.70051	-0.02339
4.94416	-0.02033
5.04569	-0.01775
5.45178	-0.01663
5.76650	-0.02145
5.88832	-0.01711
6.35533	-0.01856
6.70051	-0.01389
6.85279	-0.01711
7.31980	-0.01614
7.56345	-0.01743
7.67513	-0.02017
7.96954	-0.01791
8.15228	-0.01856
8.24365	-0.01952
8.53807	-0.02001
8.78173	-0.01856
8.90355	-0.02033
9.44162	-0.01727
9.91878	-0.01518
10.24365	-0.01952
11.09645	-0.01550
11.73604	-0.01244
11.98985	-0.01824
13.31980	-0.01486
14.06091	-0.01550
14.34518	-0.02113
15.37056	-0.01727
16.02030	-0.01566
16.29442	-0.01196
17.14721	-0.01308
17.73604	0.00140
18.22335	0.00864
19.14721	0.05243
19.61421	0.09862
20.07107	0.19359
20.97462	0.59067
21.35025	0.83678
21.70558	1.12988
22.49746	1.75553
22.89340	1.89669
23.25888	1.89411
24.18274	1.50218
24.74112	1.22485
24.98477	1.10477
25.77665	0.75952
26.29442	0.57023
26.53807	0.50230
27.19797	0.32686
27.64467	0.25185
27.85787	0.22578
28.51777	0.14948
28.95431	0.10635
29.16751	0.09894
29.72589	0.06401
30.07107	0.04341
30.23350	0.04019
30.70051	0.02715
31.02538	0.00559
31.20812	0.00945
31.69543	0.00494
32.08122	-0.00230
32.27411	0.00172
32.78173	-0.00182
33.12690	-0.00504
33.29949	-0.00858
33.83756	-0.00906
34.16244	-0.01308
34.35533	-0.01180
34.83249	-0.01598
35.14721	-0.01518
35.29949	-0.01212
35.76650	-0.01856
36.08122	-0.00890
36.24365	-0.01003
36.67005	-0.01518
36.94416	-0.01244
37.07614	-0.01614
37.42132	-0.01614
37.65482	-0.01099
37.75635	-0.01663
38.10152	-0.01228
38.30457	-0.01373
38.40609	-0.01421
38.72081	-0.01727
38.92386	-0.01437
39.03553	-0.01856
39.34010	-0.01437
39.54315	-0.01647
39.65482	-0.01212
39.85787	-0.01952
40.03046	-0.01260
40.10152	-0.01904
40.34518	-0.01180
40.54822	-0.01582
40.63959	-0.01341
40.99492	-0.01534
41.27919	-0.01421
41.40102	-0.01502
41.81726	-0.01148
42.17259	-0.01518
42.29442	-0.01534
42.74112	-0.01325
43.02538	-0.01582
43.14721	-0.01695
43.53299	-0.01260
43.80711	-0.01292
43.91878	-0.01630
44.28426	-0.01421
44.52792	-0.01292
44.63959	-0.01421
44.98477	-0.01453
45.22843	-0.01614
45.34010	-0.01614
45.74619	-0.01598
45.96954	-0.01453
46.11168	-0.01486
46.62944	-0.01502
47.01523	-0.01357
47.15736	-0.01727
47.64467	-0.01791
47.96954	-0.01647
48.11168	-0.01582
48.56853	-0.02145
48.92386	-0.01695
49.07614	-0.01357
49.55330	-0.01727
49.84772	-0.02081
49.97970	-0.01099
50.36548	-0.01550
50.62944	-0.01099
50.73096	-0.01759
50.98477	-0.01035
51.23858	-0.01260
51.34010	-0.01566
51.71574	-0.01518
51.94924	-0.01647
52.05076	-0.02033
52.37563	-0.01469
52.62944	-0.01711
52.76142	-0.01212
53.13706	-0.01486
53.39086	-0.02355
53.51269	-0.01663
53.85787	-0.01614
54.11168	-0.01276
54.23350	-0.01582
54.56853	-0.01872
54.86294	-0.01534
54.98477	-0.01985
55.43147	-0.01598
55.74619	-0.02017
55.87817	-0.01759
56.30457	-0.01582
56.57868	-0.01502
56.70051	-0.01421
57.11675	-0.01598
57.42132	-0.02081
57.55330	-0.01614
58.03046	-0.01518
58.36548	-0.01308
58.53807	-0.01502
58.98477	-0.01131
59.20812	-0.01856
59.32995	-0.01711
59.67513	-0.01502
59.93909	-0.02290
60.07107	-0.01824
60.54822	-0.01469
60.89340	-0.01936
61.08629	-0.01502
61.62437	-0.01566
62.05076	-0.01840
62.25381	-0.01099
62.89340	-0.01083
63.39086	-0.01695
63.64467	-0.01389
64.27411	-0.01518
64.68020	-0.01679
64.87310	-0.01469
65.39086	-0.01598
65.75635	-0.01791
65.94924	-0.01373
66.45685	-0.01679
66.79188	-0.01260
66.93401	-0.01373
67.37056	-0.01469
67.64467	-0.01341
67.77665	-0.01276
68.12183	-0.01486
68.32487	-0.01405
68.43655	-0.01743
68.78173	-0.01469
69.02538	-0.01373
69.15736	-0.01453
69.50254	-0.01598
69.69543	-0.00970
69.80711	-0.01373
70.13198	-0.01518
70.36548	-0.01341
70.48731	-0.01534
70.87310	-0.01212
71.15736	-0.01405
71.32995	-0.01437
71.73604	-0.01099
71.98985	-0.01711
72.13198	-0.01486
72.56853	-0.01437
72.93401	-0.01164
73.09645	-0.01840
73.65482	-0.00697
74.00000	-0.01437
74.16244	-0.01663
74.69036	-0.01421
75.06599	-0.01148
75.26904	-0.01019
75.84772	-0.00874
76.23350	-0.01212
76.42640	-0.00713
76.95431	-0.01341
77.29949	-0.00600
77.44162	-0.00890
77.98985	0.01090
78.41624	0.03472
78.68020	0.04840
79.27919	0.06047
79.62437	0.05902
79.78680	0.05613
80.18274	0.04663
80.39594	0.03198
80.49746	0.02828
80.78173	0.01653
80.96447	0.01363
81.05584	0.00977
81.34010	0.00124
81.53299	-0.00214
81.61421	0.00140
81.82741	-0.00214
81.95939	0.00044
81.98985	-0.00359
82.12183	-0.00745
82.26396	-0.00085
82.35533	-0.00649
82.68020	-0.00681
82.90355	-0.00745
83.00508	-0.00568
83.32995	-0.00649
83.54315	-0.00311
83.63452	-0.00568
83.96954	-0.01212
84.18274	-0.00278
84.28426	-0.00391
84.59898	-0.00359
84.82234	-0.00311
84.93401	-0.00584
85.24873	-0.00729
85.49239	-0.00455
85.60406	-0.00150
85.92893	-0.00632
86.10152	-0.00665
86.19289	-0.00472
86.39594	-0.00488
86.52792	-0.01260
86.60914	-0.00761
86.85279	-0.00681
87.05584	-0.00520
87.17766	-0.00600
87.49239	-0.00761
87.74619	-0.00552
87.83756	-0.00890
88.17259	-0.01148
88.38579	-0.00987
88.46701	-0.00182
88.71066	-0.00391
88.88325	-0.01003
88.94416	-0.01019
89.23858	-0.00987
89.47208	-0.00761
89.61421	-0.00793
89.96954	-0.00745
90.16244	-0.00391