Black Body Radiation Experiment Fri, Nov 29, 2024 1:08 PM
Sensor Position (Degrees)	Light Intensity (Volts)
0.00000	0.00575
0.00000	0.00623
0.00000	0.01042
0.00000	0.01235
0.00000	0.01235
0.00000	0.01331
0.01015	0.01219
0.01015	0.01299
0.01015	0.00881
0.01015	0.00687
0.01015	0.00929
0.01015	0.01476
0.01015	0.01669
0.01015	0.01524
0.02030	0.01524
0.02030	0.01380
0.02030	0.02023
0.02030	0.00929
0.03046	0.01138
0.03046	0.00929
0.03046	0.01347
0.03046	0.00752
0.03046	0.01846
0.03046	0.01637
0.03046	0.01315
0.03046	0.00945
0.03046	0.01573
0.03046	0.01814
0.03046	0.01524
0.03046	0.00993
0.04061	0.01637
0.04061	0.01814
0.06091	0.01718
0.07107	0.01718
0.08122	0.01524
0.09137	0.01927
0.12183	0.01878
0.17259	0.01202
0.23350	0.01412
0.56853	0.01315
0.78173	0.01460
0.86294	0.01991
1.12690	0.01750
1.23858	0.01830
1.27919	0.01009
1.32995	0.01605
1.34010	0.01106
1.35025	0.01975
1.43147	0.01653
1.51269	0.01524
1.55330	0.01540
1.68528	0.01701
1.78680	0.01653
1.84772	0.01766
2.07107	0.02023
2.24365	0.01460
2.33503	0.01718
2.55838	0.01878
2.69036	0.01718
2.76142	0.01412
2.93401	0.01862
3.07614	0.01331
3.14721	0.01991
3.39086	0.01911
3.55330	0.00993
3.63452	0.02184
3.84772	0.01589
3.97970	0.02007
4.12183	0.01508
4.30457	0.02104
4.45685	0.02007
4.52792	0.01589
4.74112	0.01701
4.85279	0.01943
4.89340	0.02394
5.05584	0.02217
5.19797	0.02088
5.34010	0.02056
5.62437	0.01975
5.87817	0.01750
6.29442	0.02023
6.57868	0.02249
6.68020	0.01959
7.03553	0.02120
7.21827	0.02023
7.30964	0.02184
7.54315	0.02136
7.67513	0.01669
7.74619	0.02072
8.00000	0.01605
8.18274	0.01718
8.27411	0.02442
8.44670	0.02056
8.58883	0.01878
8.78173	0.02265
9.15736	0.01991
9.44162	0.02345
9.84772	0.02329
10.08122	0.01492
10.20305	0.01943
10.46701	0.01814
10.64975	0.01878
10.72081	0.02458
10.97462	0.02377
11.16751	0.02072
11.34010	0.01830
11.65482	0.01975
11.90863	0.01782
12.01015	0.02603
12.46701	0.02555
12.75127	0.02233
13.12690	0.02474
13.35025	0.02313
13.45178	0.02023
13.70558	0.02715
13.84772	0.02233
13.91878	0.02780
14.15228	0.02506
14.24365	0.02361
14.33503	0.02265
14.45685	0.02812
14.53807	0.01911
14.57868	0.02297
14.78173	0.02104
14.91371	0.02748
14.99492	0.02313
15.21827	0.02796
15.39086	0.02474
15.46193	0.02828
15.72589	0.02748
15.94924	0.03408
16.07107	0.02796
16.59898	0.02780
16.86294	0.03456
16.96447	0.03102
17.34010	0.03359
17.57360	0.03939
17.67513	0.03890
18.11168	0.04695
18.34518	0.06015
18.83249	0.08172
19.02538	0.09444
19.19797	0.10474
19.59391	0.15962
19.77665	0.18715
19.94924	0.24203
20.27411	0.34859
20.43655	0.41281
20.77157	0.62302
20.92386	0.74181
21.20812	1.00224
21.38071	1.14791
21.55330	1.29551
21.88832	1.60600
22.04061	1.72414
22.15228	1.82812
22.44670	1.98683
22.61929	2.02835
22.76142	2.02916
23.01523	1.98007
23.12690	1.91584
23.16751	1.89283
23.34010	1.76889
23.47208	1.66764
23.54315	1.60664
23.74619	1.41800
23.88832	1.26525
23.93909	1.20634
24.15228	1.00208
24.35533	0.86575
24.45685	0.82020
24.74112	0.65538
24.93401	0.55301
25.01523	0.52049
25.28934	0.39173
25.49239	0.32058
25.59391	0.28565
25.91878	0.22111
26.12183	0.17862
26.22335	0.16848
26.47716	0.12196
26.64975	0.10683
26.75127	0.10152
27.01523	0.08075
27.20812	0.06933
27.28934	0.06756
27.56345	0.05468
27.75635	0.04856
27.84772	0.04679
28.14213	0.04325
28.33503	0.04325
28.43655	0.03617
28.71066	0.03569
28.96447	0.03810
29.10660	0.03617
29.49239	0.03907
29.69543	0.02893
29.81726	0.03086
30.13198	0.03375
30.34518	0.03214
30.46701	0.03086
30.82234	0.02796
31.05584	0.03086
31.19797	0.03472
31.47208	0.03601
31.68528	0.03424
31.80711	0.02860
32.13198	0.03118
32.32487	0.03134
32.39594	0.02651
32.57868	0.02667
32.72081	0.02909
32.82234	0.02377
33.03553	0.02442
33.15736	0.03021
33.19797	0.02313
33.34010	0.02555
33.42132	0.02088
33.48223	0.03070
33.66497	0.02732
33.78680	0.02635
33.84772	0.02828
34.01015	0.02844
34.11168	0.02571
34.17259	0.02732
34.35533	0.02989
34.49746	0.02490
34.56853	0.02909
34.78173	0.02812
34.91371	0.02442
34.98477	0.03118
35.18782	0.02667
35.31980	0.02651
35.39086	0.02426
35.61421	0.02619
35.76650	0.02329
35.86802	0.02377
36.15228	0.02506
36.33503	0.02941
36.45685	0.02715
36.75127	0.02474
36.93401	0.03166
37.01523	0.02715
37.22843	0.02860
37.37056	0.03295
37.44162	0.03037
37.63452	0.02941
37.82741	0.02635
37.93909	0.03037
38.22335	0.02812
38.45685	0.02683
38.59898	0.03182
38.99492	0.02088
39.23858	0.02796
39.38071	0.02506
39.75635	0.02860
40.04061	0.03102
40.19289	0.03279
40.47716	0.02490
40.67005	0.02007
40.75127	0.03231
41.01523	0.02651
41.21827	0.02104
41.30964	0.02651
41.52284	0.02683
41.84772	0.02458
42.07107	0.02474
42.16244	0.02571
42.44670	0.03263
42.60914	0.02538
42.70051	0.02458
42.95431	0.03070
43.15736	0.02233
43.24873	0.03166
43.54315	0.02281
43.77665	0.02941
43.88832	0.02667
44.21320	0.03037
44.45685	0.02973
44.56853	0.02635
44.89340	0.02828
45.11675	0.02522
45.21827	0.02715
45.54315	0.02844
45.77665	0.02458
45.88832	0.02538
46.23350	0.02136
46.46701	0.02522
46.57868	0.02587
46.87310	0.02941
47.06599	0.02635
47.17766	0.02329
47.45178	0.03070
47.65482	0.02909
47.74619	0.02715
48.05076	0.02667
48.27411	0.02715
48.35533	0.03424
48.60914	0.02651
48.81218	0.02104
48.90355	0.03005
49.18782	0.02490
49.39086	0.03392
49.51269	0.02522
49.81726	0.02764
50.06091	0.02233
50.18274	0.02715
50.53807	0.02603
50.79188	0.02941
50.91371	0.02844
51.23858	0.03102
51.47208	0.02764
51.57360	0.02619
51.85787	0.02394
52.05076	0.02957
52.14213	0.02780
52.41624	0.03070
52.60914	0.02522
52.69036	0.02683
52.91371	0.02844
53.07614	0.02329
53.16751	0.03617
53.38071	0.02780
53.53299	0.02603
53.60406	0.02522
53.81726	0.02828
53.96954	0.02941
54.04061	0.02474
54.34518	0.02426
54.53807	0.02828
54.64975	0.02973
54.96447	0.03375
55.19797	0.03037
55.31980	0.02715
55.68528	0.02410
55.89848	0.02683
56.03046	0.02860
56.36548	0.03295
56.58883	0.02667
56.69036	0.02571
56.99492	0.02812
57.18782	0.02426
57.26904	0.02812
57.51269	0.03198
57.66497	0.03166
57.73604	0.02587
57.95939	0.02732
58.09137	0.02474
58.17259	0.02619
58.40609	0.03005
58.55838	0.02522
58.64975	0.03424
58.88325	0.02732
59.03553	0.03150
59.10660	0.03102
59.36041	0.02635
59.55330	0.02876
59.66497	0.02973
59.97970	0.02635
60.21320	0.02361
60.34518	0.03279
60.75127	0.02603
61.02538	0.03005
61.18782	0.02989
61.63452	0.02555
61.91878	0.03102
62.06091	0.02796
62.41624	0.02651
62.61929	0.02860
62.74112	0.02474
63.07614	0.03343
63.32995	0.02699
63.45178	0.03247
63.81726	0.02941
64.09137	0.03198
64.25381	0.02941
64.69036	0.03021
64.98477	0.03359
65.13706	0.03005
65.59391	0.02699
65.86802	0.02619
66.00000	0.02683
66.33503	0.02941
66.48731	0.03150
66.57868	0.02506
66.78173	0.02474
66.93401	0.03021
67.02538	0.02265
67.29949	0.02748
67.50254	0.02587
67.62437	0.02715
68.00000	0.02699
68.27411	0.02587
68.42640	0.02571
68.94416	0.02925
69.32995	0.03134
69.55330	0.02394
70.25381	0.02555
70.81218	0.02619
71.07614	0.02442
71.82741	0.02571
72.30457	0.03214
72.62944	0.02796
73.48223	0.02844
74.03046	0.03311
74.30457	0.03166
75.17766	0.03343
75.68528	0.03569
76.00000	0.03247
76.79188	0.03665
77.25888	0.04245
77.53299	0.05919
78.24365	0.11037
78.70051	0.13999
78.94416	0.14304
79.56345	0.12759
79.94924	0.11810
80.20305	0.09975
80.63959	0.07673
80.92386	0.07238
81.05584	0.06257
81.46193	0.05693
81.75635	0.05001
81.87817	0.05098
82.20305	0.04663
82.42640	0.04373
82.54822	0.04454
82.93401	0.04470
83.22843	0.03955
83.40102	0.04357
83.83756	0.03552
84.14213	0.04277
84.30457	0.04051
84.75127	0.03810
85.05584	0.04116
85.21827	0.03520
85.63452	0.03665
85.94924	0.04148
86.10152	0.03263
86.53807	0.03247
86.83249	0.03842
87.02538	0.03488
87.48223	0.03569
87.78680	0.03746
87.97970	0.03118
88.43655	0.03681
88.79188	0.03408
88.97462	0.03810
89.56345	0.03472
89.96954	0.03424
90.19289	0.03633