Black Body Radiation Experiment Mon, Nov 25, 2024 4:28 PM
Sensor Position (Degrees)	Light Intensity (Volts)
0.00000	-0.01357
0.00000	-0.01341
0.00000	-0.00938
0.00000	-0.01244
0.00000	-0.01019
0.00000	-0.01389
0.00000	-0.01115
0.00000	-0.01469
0.00000	-0.01373
0.00000	-0.01453
0.00000	-0.01518
0.00000	-0.00987
0.00000	-0.00970
0.00000	-0.01341
0.00000	-0.01502
0.00000	-0.00874
0.00000	-0.01212
0.00000	-0.01502
0.00000	-0.01437
0.00000	-0.01534
0.00000	-0.01325
0.00000	-0.01035
0.00000	-0.01196
0.01015	-0.01164
0.01015	-0.00906
0.01015	-0.01244
0.01015	-0.01389
0.01015	-0.01389
0.02030	-0.01260
0.02030	-0.01115
0.02030	-0.01341
0.02030	-0.01486
0.02030	-0.01405
0.02030	-0.01437
0.02030	-0.01292
0.03046	-0.01518
0.04061	-0.01099
0.07107	-0.01244
0.09137	-0.01630
0.12183	-0.01518
0.15228	-0.00874
0.32487	-0.01534
1.14721	-0.01228
1.85787	-0.01405
2.26396	-0.01325
3.13706	-0.01035
3.25888	-0.01373
3.26904	-0.01357
3.24873	-0.01196
3.24873	-0.01453
3.24873	-0.01244
3.25888	-0.01502
3.27919	-0.01663
3.37056	-0.01035
3.53299	-0.01148
3.72589	-0.01405
4.09137	-0.01276
4.22335	-0.01228
4.33503	-0.01099
4.64975	-0.01550
4.83249	-0.01292
4.88325	-0.01389
5.04569	-0.00938
5.22843	-0.01405
5.30964	-0.01308
5.65482	-0.00987
5.94924	-0.01357
6.13198	-0.01614
6.83249	-0.01469
7.40102	-0.01244
7.67513	-0.01148
8.64975	-0.00954
9.43147	-0.01067
9.79695	-0.01196
10.75127	-0.01325
11.29949	-0.01405
11.61421	-0.01437
12.20305	-0.01099
12.67005	-0.00890
12.86294	-0.01244
13.50254	-0.01663
13.92893	-0.01357
14.09137	-0.00858
14.69036	-0.01131
15.05584	-0.01663
15.38071	-0.01437
15.82741	-0.01260
16.13198	-0.01276
16.28426	-0.01051
16.80203	-0.01148
17.10660	-0.00665
17.26904	-0.00810
17.73604	-0.01196
17.96954	-0.01003
18.10152	-0.01083
18.49746	-0.00681
18.73096	-0.00649
18.87310	-0.00375
19.37056	0.00349
19.59391	0.00832
19.73604	0.01074
19.96954	0.02732
20.06091	0.03585
20.16244	0.04148
20.34518	0.05226
20.45685	0.06080
20.56853	0.06337
20.81218	0.09283
20.92386	0.10699
21.03553	0.12437
21.27919	0.15962
21.39086	0.18280
21.48223	0.20598
21.70558	0.24879
21.85787	0.27101
22.00000	0.29708
22.27411	0.34585
22.42640	0.36388
22.56853	0.38287
22.79188	0.39414
22.94416	0.39237
23.08629	0.38915
23.39086	0.36147
23.59391	0.34392
23.67513	0.32654
23.95939	0.28260
24.14213	0.25266
24.20305	0.23576
24.40609	0.18940
24.53807	0.16445
24.58883	0.14997
24.74112	0.11938
24.82234	0.09669
24.85279	0.09540
24.96447	0.06965
25.05584	0.05597
25.08629	0.05049
25.20812	0.03681
25.28934	0.03295
25.30964	0.03021
25.38071	0.01669
25.40102	0.01170
25.41117	0.01106
25.47208	0.01025
25.52284	0.01009
25.55330	0.00382
25.60406	0.00317
25.65482	0.00188
25.69543	-0.00101
25.79695	-0.00101
25.86802	-0.00439
25.88832	-0.00391
25.98985	-0.00616
26.09137	-0.00874
26.14213	-0.00954
26.23350	-0.00954
26.29442	-0.00906
26.33503	-0.00584
26.43655	-0.00616
26.50761	-0.00938
26.55838	-0.00954
26.72081	-0.01325
26.87310	-0.01228
26.96447	-0.01405
27.28934	-0.01131
27.50254	-0.01180
27.56345	-0.01164
27.71574	-0.01115
27.76650	-0.00890
27.78680	-0.01180
27.87817	-0.01035
27.98985	-0.01083
28.03046	-0.01019
28.19289	-0.01083
28.34518	-0.01164
28.42640	-0.01373
28.65990	-0.01469
28.82234	-0.01469
28.90355	-0.01405
29.09645	-0.01131
29.20812	-0.00954
29.27919	-0.00906
29.49239	-0.01083
29.63452	-0.00890
29.69543	-0.00987
29.90863	-0.01115
30.04061	-0.01003
30.09137	-0.01035
30.22335	-0.01099
30.29442	-0.01292
30.34518	-0.01502
30.45685	-0.01550
30.51777	-0.01405
30.54822	-0.00987
30.65990	-0.01035
30.74112	-0.00938
30.78173	-0.01325
30.87310	-0.01437
30.94416	-0.00745
30.98477	-0.01244
31.08629	-0.01486
31.16751	-0.00970
31.22843	-0.01067
31.32995	-0.01276
31.35025	-0.01276
31.36041	-0.01502
31.38071	-0.01276
31.39086	-0.01357
31.41117	-0.01534
31.48223	-0.01212
31.51269	-0.00987
31.54315	-0.01196
31.62437	-0.01067
31.67513	-0.01003
31.70558	-0.01003
31.81726	-0.01550
31.88832	-0.01164
31.95939	-0.01244
32.12183	-0.01035
32.23350	-0.00970
32.28426	-0.01244
32.42640	-0.01051
32.47716	-0.01148
32.51777	-0.01308
32.63959	-0.01260
32.71066	-0.01180
32.73096	-0.01051
32.83249	-0.01099
32.87310	-0.01228
32.89340	-0.00890
32.94416	-0.01292
32.98477	-0.01131
33.00508	-0.00938
33.05584	-0.01260
33.12690	-0.01453
33.16751	-0.01534
33.26904	-0.01083
33.32995	-0.00987
33.35025	-0.01325
33.41117	-0.00970
33.47208	-0.01083
33.53299	-0.01051
33.63452	-0.01228
33.72589	-0.01180
33.79695	-0.00858
33.96954	-0.00842
34.10152	-0.01453
34.17259	-0.01244
34.38579	-0.01325
34.53807	-0.00954
34.61929	-0.01727
34.84264	-0.01260
34.99492	-0.01228
35.09645	-0.00938
35.30964	-0.01051
35.46193	-0.01518
35.52284	-0.00858
35.72589	-0.01051
35.87817	-0.01019
35.94924	-0.01292
36.16244	-0.01148
36.31472	-0.01341
36.38579	-0.01180
36.57868	-0.00745
36.73096	-0.01228
36.79188	-0.01067
36.94416	-0.00874
37.06599	-0.00826
37.13706	-0.00970
37.34010	-0.00890
37.48223	-0.00906
37.55330	-0.01180
37.75635	-0.01260
37.88832	-0.01228
37.96954	-0.01099
38.16244	-0.01019
38.26396	-0.01115
38.32487	-0.01051
38.47716	-0.01373
38.58883	-0.01003
38.64975	-0.01212
38.82234	-0.00890
38.93401	-0.01164
39.01523	-0.01276
39.29949	-0.01228
39.48223	-0.00890
39.55330	-0.00842
39.86802	-0.01196
40.01015	-0.01534
40.06091	-0.00858
40.21320	-0.01131
40.35533	-0.00858
40.40609	-0.01518
40.53807	-0.01373
40.69036	-0.01308
40.75127	-0.01067
40.96447	-0.00987
41.12690	-0.01099
41.21827	-0.01341
41.48223	-0.01131
41.69543	-0.01148
41.81726	-0.01148
42.17259	-0.00987
42.33503	-0.01212
42.42640	-0.01244
42.77157	-0.01180
43.00508	-0.00858
43.09645	-0.00777
43.38071	-0.01244
43.58376	-0.01035
43.66497	-0.01051
43.88832	-0.01341
44.04061	-0.01453
44.12183	-0.01486
44.31472	-0.00890
44.48731	-0.01469
44.55838	-0.01003
44.79188	-0.01405
44.98477	-0.01148
45.05584	-0.00890
45.29949	-0.01244
45.46193	-0.01099
45.52284	-0.00987
45.76650	-0.01212
45.90863	-0.00906
45.95939	-0.01115
46.16244	-0.01083
46.25381	-0.01341
46.29442	-0.01437
46.44670	-0.01196
46.54822	-0.01019
46.58883	-0.01035
46.70051	-0.01405
46.79188	-0.01518
46.83249	-0.01244
46.94416	-0.01308
47.05584	-0.01341
47.10660	-0.01035
47.28934	-0.00954
47.42132	-0.01228
47.48223	-0.01679
47.60406	-0.01035
47.70558	-0.00874
47.75635	-0.01003
47.90863	-0.01212
48.03046	-0.01453
48.09137	-0.01486
48.29442	-0.01469
48.45685	-0.01421
48.52792	-0.01035
48.77157	-0.01212
48.93401	-0.01325
48.98477	-0.01083
49.19797	-0.01647
49.38071	-0.01019
49.44162	-0.01180
49.68528	-0.00890
49.86802	-0.01115
49.94924	-0.01534
50.13198	-0.01115
50.26396	-0.00761
50.31472	-0.01228
50.50761	-0.01341
50.62944	-0.01437
50.68020	-0.01148
50.88325	-0.00970
51.01523	-0.01244
51.07614	-0.00858
51.25888	-0.01373
51.40102	-0.01389
51.45178	-0.01115
51.65482	-0.01083
51.80711	-0.00874
51.89848	-0.01051
52.15228	-0.01035
52.34518	-0.01067
52.41624	-0.01325
52.70051	-0.00970
52.87310	-0.01325
52.95431	-0.01180
53.15736	-0.01357
53.34010	-0.01276
53.42132	-0.01244
53.67513	-0.01373
53.88832	-0.01534
53.97970	-0.01389
54.24365	-0.01325
54.42640	-0.01131
54.52792	-0.01308
54.80203	-0.00987
54.99492	-0.00874
55.07614	-0.01357
55.31980	-0.01148
55.48223	-0.01260
55.56345	-0.01389
55.76650	-0.01164
55.90863	-0.01228
55.97970	-0.01276
56.17259	-0.01679
56.27411	-0.01228
56.32487	-0.00970
56.51777	-0.01228
56.64975	-0.01083
56.72081	-0.01164
57.00508	-0.01212
57.17766	-0.00874
57.24873	-0.01228
57.48223	-0.01019
57.64467	-0.01067
57.70558	-0.01550
57.93909	-0.01276
58.11168	-0.01196
58.18274	-0.00616
58.41624	-0.00761
58.58883	-0.00938
58.67005	-0.00906
58.92386	-0.00954
59.10660	-0.01180
59.17766	-0.01759
59.39086	-0.01067
59.53299	-0.01131
59.59391	-0.01421
59.74619	-0.01099
59.84772	-0.01276
59.87817	-0.01260
59.95939	-0.00906
60.03046	-0.01115
60.08122	-0.01099
60.26396	-0.01405
60.39594	-0.01067
60.46701	-0.00922
60.72081	-0.01051
60.90355	-0.01131
60.99492	-0.01276
61.26904	-0.01486
61.47208	-0.00970
61.57360	-0.00954
61.88832	-0.01180
62.09137	-0.01051
62.18274	-0.01308
62.47716	-0.00793
62.71066	-0.00890
62.82234	-0.01115
63.15736	-0.01486
63.39086	-0.01115
63.49239	-0.00745
63.75635	-0.01357
64.01015	-0.01083
64.14213	-0.00938
64.62944	-0.01180
64.99492	-0.00954
65.16751	-0.01148
65.68528	-0.00874
66.02030	-0.01276
66.23350	-0.01148
66.74112	-0.01019
67.05584	-0.01357
67.20812	-0.01035
67.67513	-0.01003
67.95939	-0.01148
68.09137	-0.01083
68.42640	-0.01228
68.62944	-0.01180
68.72081	-0.01292
68.98477	-0.01389
69.17766	-0.00842
69.27919	-0.01469
69.61421	-0.01099
69.85787	-0.01421
69.97970	-0.01115
70.35533	-0.00922
70.54822	-0.01148
70.64975	-0.01035
70.93401	-0.01260
71.13706	-0.00938
71.23858	-0.01148
71.52284	-0.01228
71.69543	-0.00890
71.79695	-0.01453
72.07107	-0.00890
72.26396	-0.01180
72.36548	-0.01325
72.60914	-0.01131
72.75127	-0.00777
72.83249	-0.01421
73.10660	-0.01276
73.30964	-0.01196
73.42132	-0.01260
73.69543	-0.01131
73.88832	-0.01260
74.00000	-0.00890
74.28426	-0.00874
74.50761	-0.01083
74.62944	-0.01051
74.94416	-0.01164
75.11675	-0.00906
75.22843	-0.00938
75.47208	-0.01180
75.63452	-0.01180
75.73604	-0.01051
76.07107	-0.00842
76.30457	-0.01357
76.44670	-0.01405
76.86294	-0.01035
77.11675	-0.01083
77.26904	-0.01518
77.71574	-0.00681
77.96954	-0.00970
78.10152	-0.00777
78.46701	-0.00198
78.70051	0.00317
78.83249	0.00543
79.13706	0.01186
79.32995	0.01058
79.41117	0.00623
79.62437	0.00897
79.78680	0.00929
79.86802	0.00961
80.08122	0.00848
80.22335	0.01009
80.30457	0.00768
80.58883	0.00687
80.81218	0.00365
80.92386	0.00205
81.26904	-0.00359
81.48223	-0.00922
81.58376	-0.00294
81.89848	-0.00970
82.13198	-0.01341
82.22335	-0.00826
82.52792	-0.00777
82.72081	-0.01228
82.83249	-0.00970
83.13706	-0.00970
83.34010	-0.01051
83.45178	-0.00858
83.78680	-0.01083
84.06091	-0.00987
84.19289	-0.00632
84.62944	-0.01260
84.91371	-0.01099
85.04569	-0.00810
85.48223	-0.00906
85.77665	-0.00632
85.90863	-0.01035
86.29442	-0.00987
86.50761	-0.01115
86.60914	-0.01341
86.86294	-0.00858
87.03553	-0.00793
87.11675	-0.01421
87.40102	-0.00906
87.62437	-0.01260
87.73604	-0.00713
88.03046	-0.00777
88.26396	-0.00713
88.37563	-0.00987
88.65990	-0.00729
88.90355	-0.01115
88.99492	-0.00906
89.29949	-0.01148
89.49239	-0.01003
89.58376	-0.01502
89.85787	-0.01196
90.03046	-0.01373