Black Body Radiation Experiment Mon, Nov 25, 2024 4:33 PM
Sensor Position (Degrees)	Light Intensity (Volts)
0.00000	-0.01067
0.00000	-0.01019
0.00000	-0.00874
0.00000	-0.01035
0.00000	-0.00922
0.00000	-0.00858
0.00000	-0.01083
0.01015	-0.01341
0.01015	-0.00810
0.01015	-0.00826
0.01015	-0.01115
0.01015	-0.01341
0.01015	-0.01405
0.01015	-0.01437
0.01015	-0.00858
0.01015	-0.00938
0.01015	-0.01212
0.01015	-0.01180
0.01015	-0.00970
0.01015	-0.01164
0.01015	-0.01582
0.01015	-0.01389
0.01015	-0.01003
0.01015	-0.01115
0.01015	-0.00922
0.01015	-0.01083
0.02030	-0.01228
0.02030	-0.01035
0.02030	-0.01292
0.02030	-0.01212
0.02030	-0.01115
0.03046	-0.01003
0.03046	-0.00874
0.03046	-0.01437
0.03046	-0.01099
0.03046	-0.01373
0.06091	-0.01453
0.09137	-0.00858
0.12183	-0.00713
0.13198	-0.00842
0.38579	-0.00681
0.71066	-0.01148
0.88325	-0.01051
1.98985	-0.00681
2.73096	-0.00793
3.11675	-0.00954
4.00000	-0.01437
4.62944	-0.01067
4.88325	-0.01357
5.57360	-0.00970
5.98985	-0.01051
6.13198	-0.01341
6.60914	-0.00970
6.89340	-0.01341
6.99492	-0.01148
7.22843	-0.01083
7.40102	-0.00987
7.48223	-0.00777
7.71574	-0.01099
7.87817	-0.00649
7.95939	-0.00729
8.27411	-0.00858
8.40609	-0.01212
8.46701	-0.00938
8.67005	-0.01276
8.80203	-0.00987
8.86294	-0.00938
9.05584	-0.01099
9.20812	-0.01325
9.27919	-0.01148
9.50254	-0.01035
9.66497	-0.01196
9.73604	-0.00922
9.96954	-0.01099
10.10152	-0.01244
10.16244	-0.01019
10.32487	-0.01244
10.43655	-0.01228
10.47716	-0.01115
10.62944	-0.01212
10.74112	-0.01148
10.79188	-0.01115
10.92386	-0.00954
11.02538	-0.01373
11.05584	-0.00777
11.14721	-0.01164
11.25888	-0.01469
11.29949	-0.00665
11.46193	-0.00874
11.60406	-0.01260
11.65482	-0.01083
11.88832	-0.00970
12.06091	-0.01131
12.15228	-0.01099
12.41624	-0.01035
12.61929	-0.01115
12.69036	-0.00938
12.97462	-0.00890
13.16751	-0.01051
13.22843	-0.01212
13.46193	-0.01051
13.62437	-0.01244
13.68528	-0.01244
13.90863	-0.01115
14.02030	-0.01276
14.08122	-0.01003
14.31472	-0.00938
14.47716	-0.01131
14.55838	-0.00697
14.78173	-0.00697
14.94416	-0.01405
14.99492	-0.01164
15.18782	-0.01212
15.28934	-0.01003
15.34010	-0.01325
15.47208	-0.01003
15.53299	-0.01035
15.57360	-0.00793
15.70558	-0.00987
15.79695	-0.00890
15.83756	-0.00858
15.96954	-0.01083
16.06091	-0.00842
16.10152	-0.00938
16.23350	-0.01083
16.32487	-0.00665
16.35533	-0.00745
16.45685	-0.01067
16.51777	-0.00954
16.53807	-0.00874
16.59898	-0.00616
16.64975	-0.00874
16.67005	-0.00793
16.79188	-0.01180
16.86294	-0.01115
16.89340	-0.00970
16.97462	-0.00874
17.01523	-0.01341
17.15736	-0.00745
17.30964	-0.00938
17.39086	-0.01260
17.61421	-0.00890
17.79695	-0.00697
17.88832	-0.00729
18.18274	-0.00745
18.39594	-0.00343
18.49746	-0.00890
18.83249	-0.00439
19.01523	-0.00166
19.11675	-0.00246
19.49239	0.00446
19.69543	0.01170
19.79695	0.01235
20.17259	0.02361
20.33503	0.03182
20.49746	0.04406
20.78173	0.06273
20.92386	0.07979
21.06599	0.09862
21.32995	0.14015
21.44162	0.15914
21.54315	0.18457
21.74619	0.22610
21.83756	0.24751
21.92893	0.27020
22.07107	0.29934
22.13198	0.31286
22.18274	0.32042
22.30457	0.34135
22.36548	0.34650
22.42640	0.35100
22.50761	0.35889
22.55838	0.35631
22.58883	0.36227
22.64975	0.36195
22.68020	0.36066
22.71066	0.35921
22.73096	0.35792
22.74112	0.35825
22.75127	0.35809
22.75127	0.35213
22.75127	0.35374
22.76142	0.35277
22.79188	0.35390
22.82234	0.35342
22.83249	0.34682
22.89340	0.34505
22.93401	0.34376
22.95431	0.33990
23.01523	0.33732
23.04569	0.33008
23.05584	0.32654
23.07614	0.32251
23.09645	0.31946
23.10660	0.31833
23.10660	0.31624
23.10660	0.31398
23.10660	0.30996
23.10660	0.31173
23.10660	0.31012
23.10660	0.30577
23.10660	0.30819
23.10660	0.30642
23.10660	0.30352
23.10660	0.29885
23.10660	0.30127
23.10660	0.30368
23.11675	0.29757
23.11675	0.30545
23.11675	0.29982
23.11675	0.30095
23.11675	0.30304
23.11675	0.30272
23.11675	0.30593
23.11675	0.30320
23.11675	0.30497
23.12690	0.30255
23.12690	0.30304
23.14721	0.29789
23.15736	0.29837
23.19797	0.29724
23.22843	0.29467
23.24873	0.29531
23.30964	0.28517
23.38071	0.27938
23.41117	0.28115
23.52284	0.26071
23.60406	0.24944
23.64467	0.24461
23.77665	0.22674
23.87817	0.21145
23.91878	0.20179
24.04061	0.17475
24.14213	0.16027
24.18274	0.15158
24.30457	0.13355
24.39594	0.11198
24.43655	0.10924
24.55838	0.09315
24.64975	0.07898
24.68020	0.07979
24.82234	0.05790
24.93401	0.05484
24.98477	0.04373
25.14721	0.03440
25.24873	0.02973
25.29949	0.02023
25.46193	0.01830
25.56345	0.01251
25.60406	0.01058
25.72589	0.00832
25.81726	0.00414
25.85787	0.00027
25.97970	0.00044
26.07107	-0.00053
26.13198	-0.00198
26.25381	-0.00214
26.35533	-0.00311
26.39594	-0.00616
26.53807	-0.00890
26.62944	-0.00793
26.67005	-0.00793
26.81218	-0.00713
26.87310	-0.00665
26.91371	-0.00842
27.03553	-0.01019
27.10660	-0.00922
27.13706	-0.00729
27.26904	-0.00745
27.35025	-0.01003
27.39086	-0.00568
27.51269	-0.00890
27.57360	-0.01083
27.61421	-0.00407
27.69543	-0.00810
27.73604	-0.01083
27.76650	-0.00423
27.81726	-0.00826
27.84772	-0.00761
27.86802	-0.00874
27.92893	-0.00568
27.96954	-0.00697
27.98985	-0.00455
28.05076	-0.00987
28.09137	-0.00777
28.11168	-0.01244
28.19289	-0.00906
28.25381	-0.00874
28.27411	-0.00697
28.36548	-0.00616
28.41624	-0.00970
28.45685	-0.01196
28.55838	-0.00826
28.61929	-0.00906
28.65990	-0.00455
28.77157	-0.00616
28.84264	-0.00906
28.88325	-0.00987
29.00508	-0.00890
29.07614	-0.00842
29.11675	-0.00761
29.20812	-0.01099
29.26904	-0.00874
29.30964	-0.00777
29.41117	-0.01019
29.48223	-0.00922
29.51269	-0.00793
29.60406	-0.00858
29.66497	-0.00632
29.69543	-0.00632
29.78680	-0.00681
29.82741	-0.00777
29.84772	-0.01083
29.91878	-0.01131
29.97970	-0.00745
30.00000	-0.00745
30.07107	-0.01003
30.12183	-0.00632
30.15228	-0.00970
30.25381	-0.01212
30.31472	-0.00745
30.34518	-0.00810
30.45685	-0.00745
30.51777	-0.01067
30.54822	-0.00697
30.62944	-0.01164
30.69036	-0.01196
30.71066	-0.00552
30.79188	-0.01148
30.84264	-0.00842
30.86294	-0.01083
30.94416	-0.00729
30.99492	-0.00922
31.01523	-0.00987
31.07614	-0.00713
31.11675	-0.00906
31.12690	-0.00970
31.18782	-0.01083
31.22843	-0.01067
31.24873	-0.00665
31.29949	-0.00568
31.34010	-0.00793
31.37056	-0.00890
31.44162	-0.01373
31.49239	-0.00987
31.51269	-0.00874
31.59391	-0.00793
31.63452	-0.00938
31.66497	-0.01212
31.75635	-0.01035
31.81726	-0.00938
31.84772	-0.00616
31.93909	-0.00970
32.03046	-0.01292
32.08122	-0.00810
32.22335	-0.00987
32.32487	-0.00954
32.38579	-0.00793
32.52792	-0.00874
32.62944	-0.00777
32.67005	-0.01067
32.82234	-0.00858
32.91371	-0.01115
32.95431	-0.00858
33.08629	-0.01051
33.17766	-0.01115
33.21827	-0.01276
33.34010	-0.00745
33.43147	-0.01019
33.47208	-0.00632
33.64467	-0.00552
33.74619	-0.00987
33.81726	-0.00970
33.97970	-0.01019
34.08122	-0.01228
34.13198	-0.00745
34.31472	-0.01308
34.41624	-0.00552
34.47716	-0.00938
34.68020	-0.00745
34.83249	-0.01196
34.90355	-0.01164
35.15736	-0.01164
35.31980	-0.00987
35.40102	-0.00858
35.64467	-0.00761
35.77665	-0.00954
35.83756	-0.00777
36.00000	-0.00810
36.09137	-0.01115
36.13198	-0.00777
36.26396	-0.01115
36.33503	-0.00745
36.36548	-0.01083
36.44670	-0.00761
36.48731	-0.01083
36.50761	-0.00938
36.54822	-0.00922
36.56853	-0.00842
36.57868	-0.00777
36.62944	-0.00826
36.73096	-0.01260
36.77157	-0.00665
36.88325	-0.00826
36.99492	-0.00826
37.04569	-0.00793
37.20812	-0.00954
37.32995	-0.01212
37.40102	-0.00890
37.59391	-0.00745
37.71574	-0.01035
37.78680	-0.01131
37.98985	-0.01067
38.14213	-0.00954
38.20305	-0.01099
38.38579	-0.00954
38.54822	-0.00987
38.61929	-0.01035
38.84264	-0.01405
38.98477	-0.01051
39.06599	-0.01115
39.27919	-0.00568
39.41117	-0.00745
39.49239	-0.00842
39.72589	-0.01035
39.89848	-0.01019
39.97970	-0.00745
40.16244	-0.00713
40.30457	-0.01308
40.36548	-0.00536
40.57868	-0.01244
40.71066	-0.01115
40.78173	-0.01115
40.97462	-0.01067
41.08629	-0.00938
41.11675	-0.00826
41.29949	-0.00729
41.42132	-0.01003
41.48223	-0.01180
41.63452	-0.01421
41.76650	-0.01019
41.80711	-0.00665
41.93909	-0.01244
42.05076	-0.01325
42.09137	-0.00970
42.25381	-0.01325
42.36548	-0.00536
42.40609	-0.01228
42.56853	-0.00600
42.72081	-0.01292
42.77157	-0.01115
42.94416	-0.00858
43.07614	-0.01260
43.13706	-0.00874
43.29949	-0.00793
43.42132	-0.01389
43.47208	-0.00858
43.62437	-0.01099
43.75635	-0.00858
43.80711	-0.00616
43.92893	-0.00810
44.04061	-0.00826
44.08122	-0.00713
44.27411	-0.00858
44.40609	-0.00665
44.44670	-0.00842
44.63959	-0.00826
44.77157	-0.01099
44.82234	-0.00552
44.97462	-0.00681
45.11675	-0.00890
45.15736	-0.01164
45.30964	-0.00745
45.41117	-0.01148
45.45178	-0.00842
45.58376	-0.01260
45.67513	-0.01228
45.71574	-0.00455
45.82741	-0.01148
45.91878	-0.01148
45.94924	-0.01115
46.06091	-0.00568
46.15228	-0.00858
46.20305	-0.00697
46.33503	-0.00826
46.41624	-0.00922
46.45685	-0.01148
46.58883	-0.01308
46.68020	-0.00665
46.72081	-0.01276
46.86294	-0.00552
46.97462	-0.00681
47.00508	-0.01019
47.16751	-0.00970
47.28934	-0.01083
47.34010	-0.01276
47.51269	-0.00858
47.64467	-0.01341
47.69543	-0.00858
47.90863	-0.01244
48.04061	-0.00922
48.11168	-0.00681
48.30457	-0.00906
48.46701	-0.00697
48.51777	-0.00697
48.75127	-0.01051
48.88325	-0.00906
48.94416	-0.00826
49.15736	-0.00906
49.32995	-0.01035
49.39086	-0.00954
49.61421	-0.01260
49.79695	-0.00826
49.86802	-0.01212
50.09137	-0.00922
50.27411	-0.00568
50.34518	-0.00890
50.58883	-0.00761
50.77157	-0.00890
50.85279	-0.00842
51.01523	-0.01180
51.17766	-0.00842
51.23858	-0.01019
51.43147	-0.00761
51.57360	-0.00745
51.65482	-0.00713
51.86802	-0.01019
52.04061	-0.00504
52.11168	-0.00681
52.35533	-0.01148
52.53807	-0.01019
52.60914	-0.01083
52.84264	-0.00697
53.00508	-0.01035
53.08629	-0.01228
53.34010	-0.01180
53.50254	-0.00681
53.57360	-0.00810
53.81726	-0.01405
53.97970	-0.01131
54.06091	-0.00584
54.28426	-0.00520
54.43655	-0.00761
54.49746	-0.00906
54.71066	-0.00810
54.86294	-0.00504
54.93401	-0.00987
55.11675	-0.00649
55.28934	-0.00906
55.37056	-0.01437
55.56345	-0.01003
55.71574	-0.01212
55.79695	-0.00777
56.00000	-0.01051
56.15228	-0.01131
56.21320	-0.00729
56.41624	-0.01212
56.56853	-0.01469
56.63959	-0.00665
56.87310	-0.00970
57.03553	-0.00858
57.10660	-0.00858
57.39086	-0.01083
57.51269	-0.00681
57.59391	-0.00858
57.85787	-0.01051
58.04061	-0.00970
58.12183	-0.00552
58.35533	-0.00697
58.50761	-0.00842
58.59898	-0.00649
58.81218	-0.01196
58.95431	-0.00826
59.02538	-0.00552
59.25888	-0.00649
59.41117	-0.01099
59.48223	-0.00488
59.70558	-0.01099
59.85787	-0.01164
59.93909	-0.00826
60.19289	-0.00681
60.36548	-0.01067
60.44670	-0.00922
60.73096	-0.00826
60.92386	-0.00826
61.01523	-0.01035
61.29949	-0.00842
61.49239	-0.00810
61.59391	-0.01019
61.87817	-0.01196
62.04061	-0.00858
62.13198	-0.01019
62.40609	-0.00568
62.55838	-0.00938
62.62944	-0.00649
62.85279	-0.00793
63.00508	-0.00632
63.07614	-0.01067
63.29949	-0.01180
63.45178	-0.01067
63.51269	-0.01035
63.68528	-0.01003
63.83756	-0.00987
63.90863	-0.01260
64.13198	-0.00777
64.30457	-0.00520
64.39594	-0.00922
64.68020	-0.01083
64.87310	-0.00777
64.95431	-0.00713
65.20812	-0.01276
65.38071	-0.00745
65.44162	-0.00761
65.65482	-0.00729
65.80711	-0.00552
65.87817	-0.00777
66.09137	-0.01051
66.24365	-0.00858
66.32487	-0.01019
66.54822	-0.00874
66.69036	-0.01148
66.77157	-0.00938
66.99492	-0.00697
67.15736	-0.01437
67.22843	-0.01051
67.43147	-0.00488
67.57360	-0.01292
67.62437	-0.01003
67.83756	-0.01228
67.98985	-0.00874
68.06091	-0.00938
68.32487	-0.00938
68.48731	-0.01035
68.57868	-0.00584
68.84264	-0.00729
69.04569	-0.00906
69.13706	-0.00681
69.43147	-0.01051
69.65482	-0.00761
69.75635	-0.00874
70.06091	-0.00600
70.29442	-0.00649
70.39594	-0.01067
70.73096	-0.00665
70.99492	-0.00761
71.12690	-0.01099
71.50254	-0.00890
71.78680	-0.00777
71.90863	-0.00874
72.30457	-0.01148
72.57868	-0.00890
72.73096	-0.00922
73.17766	-0.01099
73.47208	-0.00810
73.61421	-0.00472
74.04061	-0.00777
74.30457	-0.01582
74.41624	-0.01212
74.78173	-0.00842
75.05584	-0.00890
75.16751	-0.00584
75.47208	-0.00472
75.68528	-0.01148
75.80711	-0.00600
76.11168	-0.00520
76.32487	-0.00745
76.41624	-0.01131
76.72081	-0.00568
76.91371	-0.00938
77.00508	-0.01019
77.30964	-0.00472
77.51269	-0.00600
77.61421	-0.00793
77.87817	-0.00665
78.07107	-0.00616
78.15228	-0.00150
78.41624	0.00543
78.59898	0.01090
78.71066	0.01428
78.98477	0.01380
79.15736	0.01235
79.24873	0.01267
79.48223	0.01170
79.62437	0.00816
79.70558	0.00929
79.91878	0.00816
80.07107	0.00816
80.15228	0.00639
80.40609	0.00543
80.57868	0.00205
80.65990	0.00092
80.94416	-0.00455
81.15736	-0.00182
81.24873	-0.00632
81.56345	-0.00745
81.76650	-0.00407
81.86802	-0.00520
82.18274	-0.00970
82.38579	-0.00568
82.47716	-0.00987
82.73096	-0.00858
82.89340	-0.00584
82.95431	-0.00439
83.15736	-0.00777
83.29949	-0.00874
83.37056	-0.00649
83.60406	-0.00665
83.77665	-0.00745
83.86802	-0.00632
84.15228	-0.00713
84.34518	-0.01099
84.44670	-0.00826
84.72081	-0.00488
84.92386	-0.00455
85.01523	-0.00938
85.30964	-0.00584
85.51269	-0.00472
85.62437	-0.00343
85.93909	-0.00343
86.15228	-0.00616
86.25381	-0.00632
86.51777	-0.00616
86.67005	-0.00697
86.73096	-0.00649
86.95431	-0.00729
87.08629	-0.00858
87.15736	-0.00842
87.37056	-0.00761
87.51269	-0.00488
87.58376	-0.00472
87.83756	-0.00777
88.01015	-0.00681
88.11168	-0.00922
88.40609	-0.00922
88.61929	-0.00520
88.72081	-0.00745
89.05584	-0.00600
89.26904	-0.00777
89.39086	-0.00584
89.70558	-0.01003
89.91878	-0.00600
90.02030	-0.00890