Black Body Radiation Experiment Mon, Nov 25, 2024 4:25 PM
Sensor Position (Degrees)	Light Intensity (Volts)
0.00000	-0.01518
0.00000	-0.01260
0.00000	-0.01083
0.00000	-0.01244
0.00000	-0.01115
0.00000	-0.01051
0.00000	-0.00858
0.00000	-0.01453
0.00000	-0.01405
0.00000	-0.01083
0.00000	-0.01035
0.00000	-0.00987
0.00000	-0.01453
0.00000	-0.01598
0.00000	-0.01308
0.01015	-0.01083
0.01015	-0.00826
0.02030	-0.00906
0.02030	-0.01260
0.05076	-0.00970
0.06091	-0.01534
0.07107	-0.01180
0.08122	-0.01260
0.13198	-0.01244
0.20305	-0.01502
0.26396	-0.00954
0.47716	-0.01083
0.69036	-0.01035
0.79188	-0.01067
1.17766	-0.01405
1.38071	-0.01325
1.48223	-0.01373
1.64467	-0.01212
1.70558	-0.01148
1.71574	-0.01405
1.71574	-0.01083
1.71574	-0.01212
1.71574	-0.00826
1.73604	-0.01131
1.77665	-0.01115
1.89848	-0.01341
2.01015	-0.01164
2.07107	-0.01212
2.19289	-0.01389
2.27411	-0.01421
2.31472	-0.01244
2.43655	-0.01518
2.51777	-0.01228
2.55838	-0.01228
2.65990	-0.01244
2.71066	-0.01083
2.74112	-0.01228
2.87310	-0.00777
2.97462	-0.01196
3.02538	-0.01244
3.31980	-0.01469
3.49239	-0.01228
3.57360	-0.01067
3.83756	-0.01260
4.03046	-0.01212
4.11168	-0.01051
4.23350	-0.01148
4.28426	-0.01180
4.29442	-0.01196
4.29442	-0.01566
4.29442	-0.00906
4.29442	-0.00922
4.29442	-0.01067
4.30457	-0.01148
4.30457	-0.01196
4.30457	-0.00842
4.30457	-0.01035
4.30457	-0.01148
4.29442	-0.01437
4.29442	-0.01083
4.30457	-0.01115
4.30457	-0.01051
4.30457	-0.01051
4.30457	-0.01582
4.30457	-0.01051
4.30457	-0.01357
4.30457	-0.00954
4.30457	-0.01292
4.30457	-0.01244
4.30457	-0.01115
4.29442	-0.01582
4.29442	-0.01180
4.30457	-0.00987
4.31472	-0.00938
4.31472	-0.01453
4.30457	-0.01244
4.30457	-0.01276
4.30457	-0.01131
4.30457	-0.01663
4.30457	-0.00906
4.30457	-0.01115
4.30457	-0.01131
4.30457	-0.01115
4.31472	-0.01341
4.32487	-0.01019
4.35533	-0.00922
4.37563	-0.01292
4.38579	-0.00745
4.46701	-0.00906
4.50761	-0.00922
4.54822	-0.01019
4.61929	-0.01035
4.64975	-0.00987
4.65990	-0.01228
4.72081	-0.01099
4.79188	-0.01308
4.82234	-0.01453
4.93401	-0.01131
5.02538	-0.01131
5.07614	-0.01035
5.26904	-0.01196
5.41117	-0.01308
5.47208	-0.01003
5.69543	-0.01083
5.85787	-0.01308
5.92893	-0.01035
6.13198	-0.01099
6.27411	-0.01373
6.33503	-0.01083
6.50761	-0.00826
6.60914	-0.00987
6.65990	-0.01083
6.77157	-0.01003
6.84264	-0.00761
6.88325	-0.01598
6.99492	-0.00922
7.05584	-0.01308
7.09645	-0.01502
7.21827	-0.01051
7.30964	-0.01083
7.37056	-0.01019
7.54315	-0.01437
7.63452	-0.01131
7.69543	-0.00858
7.95939	-0.01244
8.15228	-0.01325
8.27411	-0.00826
8.60914	-0.00858
8.85279	-0.00793
8.99492	-0.01003
9.46193	-0.00874
9.73604	-0.00922
9.88832	-0.01003
10.27411	-0.01244
10.50761	-0.01164
10.62944	-0.01019
10.86294	-0.01357
11.02538	-0.01115
11.07614	-0.01308
11.23858	-0.01051
11.35025	-0.01196
11.41117	-0.01196
11.53299	-0.01357
11.60406	-0.01308
11.63452	-0.01099
11.74619	-0.01131
11.81726	-0.01389
11.84772	-0.01083
11.94924	-0.01051
12.03046	-0.01035
12.05076	-0.00826
12.14213	-0.01115
12.22335	-0.01115
12.25381	-0.00922
12.41624	-0.01341
12.53807	-0.01727
12.58883	-0.01244
12.88325	-0.01131
13.03553	-0.00906
13.10660	-0.01244
13.35025	-0.00874
13.51269	-0.00987
13.58376	-0.01276
13.84772	-0.01244
14.01015	-0.01405
14.08122	-0.01453
14.30457	-0.00842
14.45685	-0.01292
14.53807	-0.01341
14.74112	-0.00938
14.89340	-0.01099
14.95431	-0.00906
15.15736	-0.01019
15.28934	-0.01180
15.34010	-0.00906
15.52284	-0.00761
15.64467	-0.00729
15.69543	-0.01099
15.83756	-0.00826
15.91878	-0.01099
15.95939	-0.00938
16.05076	-0.00745
16.13198	-0.00922
16.17259	-0.00761
16.30457	-0.00922
16.39594	-0.00842
16.43655	-0.00954
16.57868	-0.00842
16.70051	-0.01083
16.76142	-0.00938
16.94416	-0.00600
17.05584	-0.00890
17.11675	-0.00938
17.29949	-0.01164
17.38071	-0.01067
17.44162	-0.00987
17.57360	-0.00359
17.66497	-0.00552
17.72589	-0.00294
18.00000	-0.00182
18.13198	-0.00101
18.25381	0.00060
18.45685	0.00092
18.55838	0.00478
18.65990	0.00221
18.88325	0.00301
19.00508	0.00913
19.06599	0.00913
19.27919	0.01846
19.38071	0.02233
19.45178	0.02088
19.72589	0.03504
19.87817	0.04035
19.96954	0.05146
20.19289	0.06739
20.32487	0.07802
20.43655	0.08800
20.64975	0.11987
20.73096	0.13403
20.81218	0.14787
20.97462	0.18602
21.03553	0.20630
21.07614	0.21886
21.15736	0.25105
21.20812	0.26875
21.24873	0.27873
21.34010	0.30722
21.39086	0.31334
21.44162	0.32734
21.55330	0.35648
21.62437	0.36967
21.68528	0.37724
21.85787	0.40863
21.93909	0.42005
22.00000	0.42987
22.09137	0.44484
22.13198	0.45048
22.15228	0.45176
22.20305	0.45675
22.22335	0.45611
22.23350	0.45740
22.29442	0.45820
22.35533	0.46078
22.37563	0.45691
22.46701	0.45369
22.53807	0.45498
22.58883	0.45402
22.70051	0.44758
22.78173	0.43953
22.83249	0.43486
22.97462	0.41716
23.08629	0.40718
23.13706	0.40042
23.30964	0.37000
23.44162	0.34730
23.51269	0.33780
23.69543	0.30352
23.81726	0.27503
23.88832	0.26586
24.07107	0.22626
24.22335	0.19777
24.28426	0.18393
24.47716	0.14433
24.60914	0.12453
24.68020	0.11552
24.89340	0.08269
25.03553	0.06981
25.09645	0.06353
25.28934	0.04454
25.44162	0.03214
25.51269	0.02973
25.72589	0.01701
25.88832	0.01476
25.94924	0.01074
26.17259	0.00543
26.32487	0.00285
26.40609	0.00205
26.57868	0.00092
26.67005	-0.00584
26.72081	-0.00552
26.82234	-0.00874
26.88325	-0.00729
26.91371	-0.00488
27.00508	-0.00568
27.04569	-0.00922
27.06599	-0.00906
27.13706	-0.00874
27.17766	-0.01115
27.18782	-0.01148
27.20812	-0.00536
27.23858	-0.01003
27.24873	-0.00890
27.29949	-0.00906
27.35025	-0.00681
27.39086	-0.01067
27.51269	-0.00536
27.61421	-0.00777
27.67513	-0.00970
27.88832	-0.00987
28.02030	-0.01083
28.10152	-0.01003
28.31472	-0.00842
28.46701	-0.01164
28.53807	-0.01051
28.73096	-0.01019
28.84264	-0.01308
28.89340	-0.01051
29.05584	-0.01196
29.16751	-0.01115
29.22843	-0.00858
29.39086	-0.01228
29.49239	-0.01083
29.54315	-0.00858
29.70558	-0.00954
29.78680	-0.01131
29.82741	-0.00826
29.93909	-0.00954
30.00000	-0.00954
30.03046	-0.01019
30.10152	-0.01003
30.15228	-0.00826
30.16244	-0.00906
30.22335	-0.01003
30.25381	-0.00842
30.26396	-0.01131
30.32487	-0.01115
30.35533	-0.00761
30.37563	-0.01003
30.44670	-0.00761
30.50761	-0.01244
30.53807	-0.01164
30.60914	-0.00987
30.65990	-0.01019
30.69036	-0.00761
30.77157	-0.01148
30.81218	-0.01003
30.84264	-0.01035
30.93401	-0.00810
30.99492	-0.01228
31.02538	-0.01582
31.11675	-0.00922
31.18782	-0.00793
31.21827	-0.00906
31.30964	-0.00890
31.37056	-0.00938
31.41117	-0.01405
31.50254	-0.00922
31.54315	-0.00826
31.57360	-0.01003
31.63452	-0.01051
31.67513	-0.01469
31.70558	-0.01389
31.76650	-0.01148
31.80711	-0.01164
31.83756	-0.01228
31.91878	-0.00922
31.96954	-0.00632
32.00000	-0.01051
32.07107	-0.00890
32.13198	-0.00842
32.15228	-0.00793
32.24365	-0.01421
32.31472	-0.01244
32.34518	-0.01148
32.44670	-0.00777
32.50761	-0.01148
32.53807	-0.01389
32.62944	-0.01131
32.68020	-0.01405
32.72081	-0.00842
32.82234	-0.00922
32.88325	-0.00745
32.91371	-0.01308
32.98477	-0.01003
33.03553	-0.00922
33.06599	-0.01534
33.13706	-0.00649
33.19797	-0.00874
33.23858	-0.01131
33.32995	-0.01035
33.40102	-0.01308
33.44162	-0.01148
33.54315	-0.01131
33.60406	-0.00890
33.64467	-0.01325
33.77665	-0.01292
33.86802	-0.01292
33.91878	-0.01131
34.04061	-0.00938
34.14213	-0.01180
34.20305	-0.01003
34.34518	-0.00922
34.43655	-0.00793
34.48731	-0.01035
34.62944	-0.01292
34.72081	-0.00777
34.78173	-0.00970
34.94416	-0.00954
35.06599	-0.01003
35.14721	-0.00922
35.34010	-0.01373
35.45178	-0.01148
35.51269	-0.01115
35.64467	-0.00890
35.70558	-0.01164
35.74619	-0.00954
35.82741	-0.01308
35.86802	-0.01148
35.89848	-0.01003
35.97970	-0.01502
36.02030	-0.01453
36.05076	-0.00745
36.13198	-0.01630
36.18274	-0.01131
36.21320	-0.01131
36.34518	-0.01647
36.41624	-0.01196
36.47716	-0.00922
36.70051	-0.01019
36.85279	-0.00842
36.93401	-0.01244
37.10660	-0.01695
37.22843	-0.01019
37.29949	-0.01341
37.47208	-0.00922
37.58376	-0.01308
37.64467	-0.01099
37.79695	-0.01131
37.91878	-0.01550
37.97970	-0.01019
38.16244	-0.01051
38.28426	-0.01164
38.36548	-0.00810
38.54822	-0.00922
38.65990	-0.01083
38.73096	-0.01308
38.89340	-0.00906
38.97462	-0.01003
39.02538	-0.01244
39.11675	-0.00874
39.16751	-0.00826
39.20812	-0.00826
39.38071	-0.00970
39.48223	-0.01051
39.56345	-0.00600
39.79695	-0.01083
39.91878	-0.01003
39.95939	-0.01244
40.13198	-0.01421
40.25381	-0.00729
40.30457	-0.00842
40.46701	-0.01131
40.56853	-0.01003
40.60914	-0.01019
40.75127	-0.01148
40.83249	-0.00842
40.88325	-0.01067
41.00508	-0.01292
41.09645	-0.00858
41.13706	-0.00632
41.26904	-0.01035
41.36041	-0.01051
41.41117	-0.01051
41.56345	-0.00890
41.65482	-0.01164
41.70558	-0.00938
41.88832	-0.01260
42.03046	-0.01292
42.09137	-0.01292
42.24365	-0.01292
42.35533	-0.01469
42.40609	-0.01228
42.58883	-0.00970
42.70051	-0.01486
42.75127	-0.00906
42.93401	-0.01244
43.05584	-0.01453
43.10660	-0.01067
43.25888	-0.01502
43.38071	-0.01421
43.43147	-0.00987
43.62437	-0.00858
43.76650	-0.00858
43.83756	-0.01083
44.05076	-0.01003
44.20305	-0.00842
44.27411	-0.00826
44.48731	-0.01276
44.62944	-0.01099
44.70051	-0.01180
44.86294	-0.00938
44.98477	-0.00938
45.03553	-0.00810
45.18782	-0.00729
45.28934	-0.00793
45.32995	-0.01019
45.46193	-0.01196
45.54315	-0.01502
45.58376	-0.01067
45.70558	-0.01276
45.77665	-0.01164
45.80711	-0.01180
45.88832	-0.01180
45.93909	-0.00938
45.96954	-0.01099
46.05076	-0.00874
46.10152	-0.01469
46.12183	-0.01598
46.21320	-0.00810
46.27411	-0.00858
46.30457	-0.01131
46.40609	-0.00842
46.48731	-0.01437
46.52792	-0.01260
46.64975	-0.01196
46.73096	-0.01131
46.78173	-0.01035
46.93401	-0.00874
47.03553	-0.01099
47.08629	-0.00938
47.24873	-0.01437
47.35025	-0.00874
47.42132	-0.00938
47.57360	-0.00954
47.68528	-0.00713
47.74619	-0.01003
47.91878	-0.01276
48.04061	-0.00745
48.09137	-0.00922
48.26396	-0.01389
48.38579	-0.01083
48.44670	-0.01292
48.60914	-0.01308
48.73096	-0.00649
48.79188	-0.00858
48.96447	-0.00826
49.08629	-0.01164
49.15736	-0.00906
49.31980	-0.00810
49.43147	-0.01035
49.48223	-0.01534
49.68528	-0.01131
49.79695	-0.00826
49.85787	-0.01067
50.01015	-0.00938
50.12183	-0.00858
50.18274	-0.01131
50.35533	-0.01212
50.47716	-0.01019
50.52792	-0.01099
50.71066	-0.01099
50.84264	-0.01357
50.90355	-0.01003
51.08629	-0.00938
51.21827	-0.00987
51.27919	-0.01003
51.49239	-0.01067
51.64467	-0.00874
51.72589	-0.01164
51.93909	-0.01067
52.08122	-0.01035
52.14213	-0.01035
52.33503	-0.01131
52.42640	-0.01131
52.49746	-0.01389
52.67005	-0.00842
52.79188	-0.00922
52.84264	-0.01164
52.99492	-0.00938
53.10660	-0.01035
53.14721	-0.01405
53.29949	-0.01389
53.39086	-0.00874
53.44162	-0.00906
53.58376	-0.01148
53.66497	-0.01228
53.71574	-0.00938
53.84772	-0.01115
53.94924	-0.01308
54.00000	-0.01115
54.16244	-0.01051
54.27411	-0.01389
54.34518	-0.00954
54.54822	-0.00745
54.67005	-0.01067
54.74112	-0.01405
54.91371	-0.00874
55.02538	-0.01228
55.07614	-0.01614
55.26904	-0.01341
55.40102	-0.01115
55.47208	-0.00761
55.66497	-0.00938
55.80711	-0.00938
55.86802	-0.00826
56.08122	-0.01308
56.22335	-0.01164
56.29442	-0.00858
56.49746	-0.00922
56.62944	-0.00890
56.70051	-0.01067
56.87310	-0.00858
56.98477	-0.00729
57.03553	-0.01164
57.19797	-0.00890
57.29949	-0.01131
57.36041	-0.00874
57.50254	-0.00793
57.62437	-0.01035
57.67513	-0.01083
57.86802	-0.01196
57.97970	-0.01148
58.05076	-0.01292
58.22335	-0.00874
58.33503	-0.01228
58.39594	-0.01421
58.54822	-0.01051
58.63959	-0.00922
58.68020	-0.00826
58.78173	-0.00906
58.83249	-0.01260
58.87310	-0.01228
58.94416	-0.01003
59.00508	-0.01051
59.03553	-0.00697
59.11675	-0.01244
59.15736	-0.00858
59.18782	-0.01164
59.25888	-0.01051
59.29949	-0.01212
59.32995	-0.01325
59.41117	-0.00826
59.47208	-0.00954
59.51269	-0.00970
59.62437	-0.00922
59.69543	-0.01180
59.74619	-0.01035
59.87817	-0.01292
59.95939	-0.01228
60.00000	-0.00954
60.11168	-0.01067
60.18274	-0.01164
60.23350	-0.00874
60.38579	-0.01035
60.50761	-0.01148
60.56853	-0.00922
60.76142	-0.00810
60.89340	-0.01019
60.95431	-0.00970
61.16751	-0.01228
61.28934	-0.00874
61.36041	-0.00954
61.57360	-0.01083
61.69543	-0.00810
61.76650	-0.01083
61.97970	-0.00810
62.14213	-0.00906
62.23350	-0.00954
62.48731	-0.01421
62.65990	-0.00987
62.76142	-0.01131
63.01523	-0.00906
63.16751	-0.01131
63.24873	-0.01067
63.47208	-0.01292
63.61421	-0.00874
63.70558	-0.01212
63.90863	-0.01196
64.04061	-0.01131
64.11168	-0.01083
64.27411	-0.01115
64.37563	-0.00793
64.42640	-0.00826
64.54822	-0.01051
64.62944	-0.01228
64.67005	-0.01630
64.79188	-0.00954
64.90355	-0.01131
64.96447	-0.00922
65.14721	-0.01115
65.26904	-0.00681
65.35025	-0.01260
65.55330	-0.01389
65.65482	-0.00954
65.72589	-0.00890
65.87817	-0.00890
65.97970	-0.01325
66.04061	-0.00970
66.18274	-0.00713
66.25381	-0.00761
66.30457	-0.01308
66.44670	-0.01067
66.52792	-0.01502
66.57868	-0.01115
66.67005	-0.01196
66.74112	-0.01164
66.77157	-0.00890
66.84264	-0.01051
66.89340	-0.01148
66.92386	-0.00954
67.00508	-0.01244
67.03553	-0.01437
67.03553	-0.00793
67.04569	-0.01405
67.06599	-0.00858
67.09645	-0.00922
67.12690	-0.00890
67.22843	-0.01003
67.29949	-0.00777
67.32995	-0.01099
67.44162	-0.01083
67.51269	-0.01164
67.55330	-0.00970
67.68528	-0.01051
67.76650	-0.00954
67.81726	-0.01389
67.93909	-0.01469
68.02030	-0.01099
68.07107	-0.01389
68.22335	-0.00697
68.32487	-0.01003
68.38579	-0.00970
68.58883	-0.00906
68.70051	-0.01148
68.77157	-0.01276
68.91371	-0.00922
69.00508	-0.01003
69.04569	-0.01035
69.13706	-0.01357
69.19797	-0.00906
69.24873	-0.00649
69.39086	-0.00906
69.50254	-0.00987
69.56345	-0.00729
69.72589	-0.01019
69.80711	-0.01260
69.87817	-0.00922
70.03046	-0.01389
70.13198	-0.00906
70.18274	-0.00987
70.33503	-0.01292
70.41624	-0.01003
70.45685	-0.01035
70.58883	-0.01035
70.67005	-0.01437
70.71066	-0.00745
70.80203	-0.01357
70.84264	-0.01164
70.84264	-0.01180
70.84264	-0.01486
70.84264	-0.01035
70.84264	-0.00938
70.84264	-0.00777
70.85279	-0.01051
70.88325	-0.01196
70.91371	-0.00761
70.92386	-0.00938
71.00508	-0.00793
71.05584	-0.00970
71.09645	-0.00810
71.23858	-0.00842
71.35025	-0.01115
71.43147	-0.01019
71.67513	-0.01003
71.84772	-0.01067
71.93909	-0.00954
72.18274	-0.00970
72.34518	-0.01164
72.45685	-0.00906
72.73096	-0.00874
72.90355	-0.00826
72.98477	-0.00681
73.21827	-0.01260
73.36041	-0.01212
73.44162	-0.01325
73.66497	-0.00987
73.80711	-0.01325
73.87817	-0.01276
74.08122	-0.00649
74.22335	-0.00729
74.29442	-0.00665
74.52792	-0.00810
74.65990	-0.01244
74.74112	-0.00793
74.94416	-0.01148
75.05584	-0.00874
75.12690	-0.01244
75.31980	-0.00858
75.44162	-0.00970
75.51269	-0.00987
75.70558	-0.01486
75.83756	-0.01437
75.91878	-0.00504
76.12183	-0.00568
76.25381	-0.00536
76.34518	-0.01083
76.53807	-0.00568
76.64975	-0.00504
76.72081	-0.01083
76.91371	-0.00568
77.02538	-0.00858
77.08629	-0.00649
77.28934	-0.01035
77.41117	-0.00407
77.49239	-0.01051
77.71574	-0.00874
77.84772	-0.00439
77.91878	-0.00649
78.11168	0.00172
78.22335	0.00736
78.29442	0.01476
78.49746	0.02072
78.62944	0.02200
78.71066	0.02265
78.92386	0.01878
79.05584	0.01814
79.11675	0.01782
79.27919	0.01701
79.36041	0.01219
79.41117	0.01589
79.56345	0.01251
79.65482	0.01412
79.70558	0.01492
79.86802	0.01315
79.95939	0.01202
80.01015	0.00945
80.16244	0.00961
80.26396	0.00575
80.31472	0.00575
80.46701	-0.00037
80.54822	0.00124
80.59898	0.00156
80.75127	-0.00198
80.87310	-0.00584
80.94416	-0.00729
81.08629	-0.00600
81.18782	-0.00520
81.25888	-0.00600
81.43147	-0.00987
81.54315	-0.00874
81.59391	-0.00488
81.73604	-0.00810
81.83756	-0.01083
81.88832	-0.00810
82.02030	-0.00552
82.10152	-0.00552
82.14213	-0.00810
82.27411	-0.00842
82.35533	-0.00906
82.40609	-0.00890
82.54822	-0.00600
82.63959	-0.00568
82.70051	-0.00874
82.84264	-0.00761
82.91371	-0.00777
82.95431	-0.00665
83.06599	-0.00697
83.14721	-0.00504
83.16751	-0.00472
83.26904	-0.00842
83.32995	-0.00987
83.35025	-0.00311
83.42132	-0.00906
83.46193	-0.00713
83.49239	-0.01115
83.56345	-0.00713
83.61421	-0.00745
83.64467	-0.00970
83.76650	-0.00649
83.84772	-0.00906
83.89848	-0.00568
84.05076	-0.00858
84.15228	-0.01099
84.21320	-0.00552
84.36548	-0.00761
84.45685	-0.00697
84.49746	-0.00616
84.63959	-0.00520
84.75127	-0.01244
84.79188	-0.00745
84.93401	-0.00858
85.02538	-0.00552
85.07614	-0.00632
85.21827	-0.00729
85.31980	-0.00552
85.38071	-0.00616
85.53299	-0.00793
85.64467	-0.00681
85.70558	-0.00729
85.87817	-0.00632
85.98985	-0.00600
86.05076	-0.00488
86.25381	-0.01308
86.38579	-0.00906
86.43655	-0.01003
86.59898	-0.00665
86.72081	-0.00713
86.78173	-0.00826
86.93401	-0.00890
87.02538	-0.00423
87.07614	-0.01067
87.22843	-0.00906
87.34010	-0.00665
87.39086	-0.00697
87.54315	-0.00616
87.63452	-0.00665
87.68528	-0.01131
87.85787	-0.01244
87.96954	-0.00874
88.03046	-0.00954
88.21320	-0.00777
88.33503	-0.00922
88.40609	-0.00697
88.59898	-0.01115
88.73096	-0.00793
88.79188	-0.00665
88.93401	-0.00665
89.02538	-0.00826
89.07614	-0.00681
89.19797	-0.00826
89.28934	-0.00632
89.35025	-0.00713
89.52284	-0.00665
89.65482	-0.00890
89.73604	-0.01003
89.97970	-0.00745
90.13198	-0.00681